34.130844 -0.528053943326017 1.40214258734517
34.2084141 -0.632494674171911 1.28647156540333
34.2859842 -0.726706774475368 1.13386417850436
34.3635543 -0.806059640083052 0.884928766057594
34.4411244 -0.852692075223186 0.115756478646348
34.5186945 -0.763442748809402 -2.00545218117443
34.5962646 -0.607630929936285 -1.98762977525484
34.6738347 -0.455492281090186 -1.93456526481283
34.7514048 -0.307569073042358 -1.87889882285957
34.8289749 -0.164077718005605 -1.82021544865673
34.906545 -0.0252739122558707 -1.75792789377612
34.9841151 0.108533216592271 -1.69123099202973
35.0616852 0.236959643517122 -1.61897171755082
35.1392553 0.359510959238682 -1.5394030151075
35.2168254 0.475518685868642 -1.44966654211978
35.2943955 0.584017082322298 -1.34455523676710
35.3719656 0.683439489842548 -1.2129081047022
35.4495357 0.770752190503476 -1.02348872958304
35.5271058 0.837480287044114 -0.630353614725278
35.6046759 0.830282402940931 1.38069885615211
35.682246 0.681290065611735 2.01129870077766
35.7598161 0.527224330585787 1.96007433918361
35.8373862 0.377274316214197 1.90567919949466
35.9149563 0.231649229266352 1.84849155097129
35.9925264 0.0905845875564485 1.78800032807022
36.0700965 -0.0456379607573377 1.72351572699080
36.1476666 -0.176673328498339 1.65407148207643
36.2252367 -0.302085248701436 1.57824492104748
36.3028068 -0.421298463185384 1.4937984111596
36.3803769 -0.5335106393108 1.39688099154707
36.457947 -0.637497748510653 1.27990774986188
36.5355171 -0.731109521598912 1.12454398017520
36.6130872 -0.809474672075269 0.86669252000287
36.6906573 -0.85296829024091 0.0242697242334056
36.7682274 -0.755607295651854 -2.01295718913970
36.8457975 -0.599885844674063 -1.98502496268188
36.9233676 -0.447954360116677 -1.93183177580654
37.0009377 -0.300248484774465 -1.87602523708394
37.0785078 -0.156986269463407 -1.81717617427214
37.1560779 -0.0184257309747956 -1.75468844400728
37.233648 0.115120833829798 -1.68774312991553
37.3112181 0.243264886200397 -1.61516471235734
37.3887882 0.365505071324550 -1.53516584591189
37.4663583 0.481161538069272 -1.44480879367812
37.5439284 0.589248293332572 -1.33870888061287
37.6214985 0.68815384214203 -1.20520015826112
37.6990686 0.77471884119618 -1.01104396036911
37.7766387 0.839870033810217 -0.594955458812631
37.8542088 0.824606288980954 1.52721380343685
37.9317789 0.673451589241025 2.00896779916697
38.009349 0.519586284944611 1.95740026975111
38.0869191 0.369848633727098 1.90287471112356
38.1644892 0.224446847236719 1.84553441687912
38.2420593 0.0836184465734707 1.78486073461018
38.3196294 -0.0523522038377512 1.72015277059562
38.3971995 -0.183116202405936 1.65042652158095
38.4747696 -0.308231679278572 1.57422913366595
38.5523397 -0.427114621511055 1.48926685817901
38.6299098 -0.538948051603278 1.39156767282448
38.7074799 -0.642476391093191 1.27325292225442
38.78505 -0.73547659164478 1.11500112136712
