34.130844 -0.00126301790671438 -1.74031382171472
34.2084141 0.0702777225602952 -1.70411318688993
34.2859842 0.138976617074838 -1.66702303763514
34.3635543 0.204761477489216 -1.6289490511636
34.4411244 0.267551094997208 -1.58977362353756
34.5186945 0.327254597351789 -1.54935856097266
34.5962646 0.383769853356204 -1.50754567630605
34.6738347 0.436981376849356 -1.4641222356065
34.7514048 0.486752178993983 -1.41878136122799
34.8289749 0.532919032496633 -1.37113868219478
34.906545 0.575283779014393 -1.32064360065142
34.9841151 0.613596181923329 -1.26646327003608
35.0616852 0.647522040261315 -1.20727639345585
35.1392553 0.676592872162556 -1.14077033406551
35.2168254 0.700085758314401 -1.06238093734137
35.2943955 0.71672528348669 -0.961246311606011
35.3719656 0.72369676912054 -0.802870042181136
35.4495357 0.711583545650306 -0.399724803192506
35.5271058 0.616685645517594 1.63020007566922
35.6046759 0.407461208378658 1.91987983364598
35.682246 0.199526932092924 1.83971144479741
35.7598161 -0.00185043311292758 1.75092308067193
35.8373862 -0.195945315602126 1.65136783375338
35.9149563 -0.381752053525202 1.53617980473119
35.9925264 -0.557734082997225 1.39568924510234
36.0700965 -0.72115270113541 1.20582957203692
36.1476666 -0.865551634862473 0.875530202083958
36.2252367 -0.960288180919683 -0.447748793681831
36.3028068 -0.893165626997566 -2.0720877509103
36.3803769 -0.795395979759051 -2.04583353069296
36.457947 -0.699937364250733 -2.01533424398512
36.5355171 -0.606863421186319 -1.98437230265575
36.6130872 -0.516207944373407 -1.95292251545299
36.6906573 -0.428011852218955 -1.92095532733611
36.7682274 -0.342317152698173 -1.88843867490253
36.8457975 -0.259167640237255 -1.85533649245269
36.9233676 -0.178609890703084 -1.82160786641133
37.0009377 -0.100694283031854 -1.78720574763525
37.0785078 -0.0254752649727828 -1.75207389407088
37.1560779 0.0469881731205202 -1.71614951411513
37.233648 0.116632169710724 -1.67936176653947
37.3112181 0.183386911454053 -1.64162451595526
37.3887882 0.247174144633167 -1.60282702414249
37.4663583 0.307906415371295 -1.56283704000862
37.5439284 0.365485533301886 -1.52150456158631
37.6214985 0.419800743163338 -1.47864526107296
37.6990686 0.470723247246616 -1.43397116498317
37.7766387 0.518098948024026 -1.38713956819078
37.8542088 0.561742549583992 -1.33765940938361
37.9317789 0.601423869225409 -1.28481326543983
38.009349 0.636840384655742 -1.22746675570359
38.0869191 0.667576762775289 -1.16372976468799
38.1644892 0.693013861007344 -1.09001085759085
38.2420593 0.7121144557228 -0.99835282830735
38.3196294 0.722780593652232 -0.866182222385461
38.3971995 0.719103079565357 -0.595036746481699
38.4747696 0.668107606864345 0.725892924394623
38.5523397 0.477344526031407 1.9403709939092
38.6299098 0.267427838212502 1.86714490686918
38.7074799 0.0638157376196288 1.78123709984092
38.78505 -0.132775321099526 1.68563895881538
