  -9.9922099890E-01    1.9073933247E+00
  -9.9999994775E-01    1.8850513110E+00
  -9.9778159134E-01    1.9521904928E+00
  -9.9294619792E-01    2.1581024792E+00
  -9.8946397730E-01    2.4685209913E+00
  -9.8819980750E-01    2.8266268269E+00
  -9.8789973516E-01    3.1908333836E+00
  -9.8783732352E-01    3.5427965439E+00
  -9.8782350210E-01    3.8759561329E+00
  -9.8781993139E-01    4.1882421061E+00
  -9.8781845284E-01    4.4787868469E+00
  -9.8781783544E-01    4.7460869970E+00
  -9.8781732341E-01    4.9855079644E+00
  -9.8781651788E-01    5.1809170828E+00
  -9.8781099677E-01    5.2638678189E+00
  -9.8771188376E-01    5.1430962948E+00
  -9.8748480347E-01    5.0633202237E+00
  -9.8695974158E-01    4.9845046098E+00
  -9.8579278248E-01    4.8992090618E+00
  -9.8350354087E-01    4.8072275360E+00
  -9.7960159351E-01    4.7099539602E+00
  -9.7381167465E-01    4.6100566086E+00
  -9.6612828482E-01    4.5102857961E+00
  -9.5674205928E-01    4.4128828020E+00
  -9.4590100347E-01    4.3191428831E+00
  -9.3384136133E-01    4.2296883107E+00
  -9.2076347550E-01    4.1447334965E+00
  -9.0683032278E-01    4.0642583586E+00
  -8.9217483953E-01    3.9881337803E+00
  -8.7689964788E-01    3.9161489505E+00
  -8.6108951935E-01    3.8480816338E+00
  -8.4481770442E-01    3.7837228590E+00
  -8.2813207918E-01    3.7228126777E+00
  -8.1108386093E-01    3.6651573084E+00
  -7.9370978484E-01    3.6105503912E+00
  -7.7604334550E-01    3.5588081418E+00
  -7.5811393644E-01    3.5097629002E+00
  -7.3994531392E-01    3.4632551856E+00
  -7.2155905219E-01    3.4191411893E+00
  -7.0297398259E-01    3.3772877372E+00
  -6.8420696985E-01    3.3375741395E+00
  -6.6526762770E-01    3.2998762558E+00
  -6.4617212500E-01    3.2640978444E+00
  -6.2693291721E-01    3.2301448178E+00
  -6.0756012915E-01    3.1979283548E+00
  -5.8806524745E-01    3.1673698028E+00
  -5.6844638354E-01    3.1383801669E+00
  -5.4872040009E-01    3.1109023699E+00
  -5.2889337998E-01    3.0848713061E+00
  -5.0897035254E-01    3.0602253110E+00
  -4.8896018656E-01    3.0369139093E+00
  -4.6886713599E-01    3.0148843575E+00
  -4.4869884753E-01    2.9940926949E+00
  -4.2845827824E-01    2.9744929099E+00
  -4.0815288712E-01    2.9560474995E+00
  -3.8777866870E-01    2.9387131519E+00
  -3.6734536523E-01    2.9224603030E+00
  -3.4685840512E-01    2.9072587910E+00
  -3.2632068853E-01    2.8930787247E+00
  -3.0573568314E-01    2.8798939549E+00
  -2.8510766392E-01    2.8676804165E+00
  -2.6443972991E-01    2.8564159779E+00
  -2.4373507214E-01    2.8460800234E+00
  -2.2299793096E-01    2.8366547177E+00
  -2.0222537937E-01    2.8281212900E+00
  -1.8142805568E-01    2.8204679748E+00
  -1.6060643161E-01    2.8136805950E+00
  -1.3976525851E-01    2.8077479349E+00
  -1.1890531009E-01    2.8026593079E+00
  -9.8030708557E-02    2.7984063383E+00
  -7.7141767689E-02    2.7949817333E+00
  -5.6242721306E-02    2.7923797267E+00
  -3.5336686234E-02    2.7905961219E+00
  -1.4414118908E-02    2.7896273258E+00
   6.4984112197E-03    2.7894733806E+00
   2.7409260512E-02    2.7901329528E+00
   4.8320118665E-02    2.7916076635E+00
   6.9221719466E-02    2.7938990956E+00
   9.0113633620E-02    2.7970112435E+00
   1.1099416485E-01    2.8009493118E+00
   1.3185989717E-01    2.8057201385E+00
   1.5270748930E-01    2.8113313357E+00
   1.7353563688E-01    2.8177930678E+00
   1.9434096106E-01    2.8251160278E+00
   2.1511957136E-01    2.8333124517E+00
   2.3586948859E-01    2.8423970710E+00
   2.5658697211E-01    2.8523853987E+00
   2.7726810549E-01    2.8632946047E+00
   2.9791080594E-01    2.8751448775E+00
   3.1851204680E-01    2.8879578424E+00
   3.3906715955E-01    2.9017561886E+00
   3.5957313972E-01    2.9165664257E+00
   3.8002545897E-01    2.9324152309E+00
   4.0041960010E-01    2.9493326241E+00
   4.2075434316E-01    2.9673541065E+00
   4.4102265831E-01    2.9865131157E+00
   4.6122033774E-01    3.0068486355E+00
   4.8134449026E-01    3.0284055511E+00
   5.0138569819E-01    3.0512233853E+00
   5.2133953721E-01    3.0753526287E+00
   5.4120096446E-01    3.1008472593E+00
   5.6096375529E-01    3.1277648914E+00
   5.8062065697E-01    3.1561671305E+00
   6.0016426492E-01    3.1861227842E+00
   6.1958483283E-01    3.2176999256E+00
   6.3887356665E-01    3.2509782593E+00
   6.5802309201E-01    3.2860480541E+00
   6.7702007684E-01    3.3229975742E+00
   6.9585278167E-01    3.3619283700E+00
   7.1450686565E-01    3.4029497201E+00
   7.3296730355E-01    3.4461791439E+00
   7.5121615553E-01    3.4917453665E+00
   7.6923428048E-01    3.5397914932E+00
   7.8699894610E-01    3.5904700946E+00
   8.0448366275E-01    3.6439477255E+00
   8.2165470848E-01    3.7003966005E+00
   8.3847837208E-01    3.7600168473E+00
   8.5491062182E-01    3.8230147644E+00
   8.7089686482E-01    3.8896005405E+00
   8.8637743018E-01    3.9600139317E+00
   9.0127380723E-01    4.0344794699E+00
   9.1548365458E-01    4.1131728776E+00
   9.2889436853E-01    4.1962943539E+00
   9.4135470102E-01    4.2839053909E+00
   9.5267190799E-01    4.3758284730E+00
   9.6263446992E-01    4.4716901332E+00
   9.7099356693E-01    4.5704653441E+00
   9.7753150856E-01    4.6703820481E+00
   9.8216039454E-01    4.7688791824E+00
   9.8503697731E-01    4.8629237439E+00
   9.8659140201E-01    4.9507518688E+00
   9.8732348792E-01    5.0315730544E+00
   9.8763259277E-01    5.1055654079E+00
   9.8775302626E-01    5.1721441245E+00
   9.8779623791E-01    5.2278297671E+00
   9.8781082347E-01    5.2619032147E+00
   9.8781539866E-01    5.2545653266E+00
   9.8781706733E-01    5.2021114357E+00
   9.8781834408E-01    5.0705397661E+00
   9.8781719733E-01    5.0670144935E+00
   9.8781767364E-01    4.8417755975E+00
   9.8781806700E-01    4.5833980026E+00
   9.8781900523E-01    4.3012703449E+00
   9.8782142622E-01    3.9971993057E+00
   9.8782962675E-01    3.6721090236E+00
   9.8786423916E-01    3.3274840231E+00
   9.8802819779E-01    2.9679301344E+00
   9.8876842165E-01    2.6066705582E+00
   9.9121820186E-01    2.2753305786E+00
   9.9577263643E-01    2.0245893211E+00
   9.9899999997E-01    1.9139587481E+00
