  0.0000000E+00  0.4968146E+02  0.2098548E+03  0.5171026E+01  0.3157093E-04  0.1000001E+01
  0.2050648E+00  0.4972493E+02  0.2098165E+03  0.5170729E+01  0.3144235E-01  0.9995068E+00
  0.4101296E+00  0.4977049E+02  0.2097778E+03  0.5170339E+01  0.6282210E-01  0.9980259E+00
  0.6151944E+00  0.4981811E+02  0.2097387E+03  0.5169856E+01  0.9413986E-01  0.9955602E+00
  0.8202592E+00  0.4986776E+02  0.2096992E+03  0.5169280E+01  0.1253647E+00  0.9921119E+00
  0.1025324E+01  0.4991939E+02  0.2096596E+03  0.5168609E+01  0.1564658E+00  0.9876846E+00
  0.1230389E+01  0.4997297E+02  0.2096197E+03  0.5167845E+01  0.1874126E+00  0.9822825E+00
  0.1435454E+01  0.5002845E+02  0.2095798E+03  0.5166986E+01  0.2181743E+00  0.9759110E+00
  0.1640518E+01  0.5008578E+02  0.2095398E+03  0.5166033E+01  0.2487208E+00  0.9685765E+00
  0.1845583E+01  0.5014492E+02  0.2094999E+03  0.5164986E+01  0.2790218E+00  0.9602860E+00
  0.2050648E+01  0.5020582E+02  0.2094601E+03  0.5163845E+01  0.3090474E+00  0.9510479E+00
  0.2255713E+01  0.5026842E+02  0.2094206E+03  0.5162610E+01  0.3387680E+00  0.9408712E+00
  0.2460778E+01  0.5033266E+02  0.2093813E+03  0.5161283E+01  0.3681543E+00  0.9297660E+00
  0.2665842E+01  0.5039850E+02  0.2093425E+03  0.5159863E+01  0.3971773E+00  0.9177432E+00
  0.2870907E+01  0.5046586E+02  0.2093041E+03  0.5158351E+01  0.4258084E+00  0.9048147E+00
  0.3075972E+01  0.5053470E+02  0.2092663E+03  0.5156748E+01  0.4540192E+00  0.8909933E+00
  0.3281037E+01  0.5060494E+02  0.2092292E+03  0.5155056E+01  0.4817819E+00  0.8762925E+00
  0.3486102E+01  0.5067652E+02  0.2091928E+03  0.5153274E+01  0.5090692E+00  0.8607270E+00
  0.3691166E+01  0.5074937E+02  0.2091574E+03  0.5151404E+01  0.5358541E+00  0.8443120E+00
  0.3896231E+01  0.5082342E+02  0.2091228E+03  0.5149448E+01  0.5621102E+00  0.8270638E+00
  0.4101296E+01  0.5089861E+02  0.2090894E+03  0.5147407E+01  0.5878115E+00  0.8089994E+00
  0.4306361E+01  0.5097485E+02  0.2090571E+03  0.5145281E+01  0.6129327E+00  0.7901366E+00
  0.4511425E+01  0.5105207E+02  0.2090261E+03  0.5143074E+01  0.6374491E+00  0.7704940E+00
  0.4716490E+01  0.5113020E+02  0.2089964E+03  0.5140786E+01  0.6613363E+00  0.7500911E+00
  0.4921555E+01  0.5120916E+02  0.2089683E+03  0.5138419E+01  0.6845709E+00  0.7289479E+00
  0.5126620E+01  0.5128886E+02  0.2089418E+03  0.5135976E+01  0.7071300E+00  0.7070853E+00
  0.5331685E+01  0.5136923E+02  0.2089170E+03  0.5133457E+01  0.7289911E+00  0.6845249E+00
  0.5536749E+01  0.5145018E+02  0.2088941E+03  0.5130866E+01  0.7501329E+00  0.6612890E+00
  0.5741814E+01  0.5153163E+02  0.2088731E+03  0.5128204E+01  0.7705343E+00  0.6374004E+00
  0.5946879E+01  0.5161349E+02  0.2088542E+03  0.5125474E+01  0.7901753E+00  0.6128828E+00
  0.6151944E+01  0.5169567E+02  0.2088376E+03  0.5122678E+01  0.8090365E+00  0.5877604E+00
  0.6357009E+01  0.5177809E+02  0.2088233E+03  0.5119819E+01  0.8270993E+00  0.5620579E+00
  0.6562073E+01  0.5186065E+02  0.2088115E+03  0.5116899E+01  0.8443459E+00  0.5358008E+00
  0.6767138E+01  0.5194327E+02  0.2088022E+03  0.5113921E+01  0.8607591E+00  0.5090149E+00
  0.6972203E+01  0.5202585E+02  0.2087957E+03  0.5110887E+01  0.8763229E+00  0.4817266E+00
  0.7177268E+01  0.5210830E+02  0.2087921E+03  0.5107802E+01  0.8910219E+00  0.4539629E+00
  0.7382333E+01  0.5219052E+02  0.2087915E+03  0.5104666E+01  0.9048416E+00  0.4257512E+00
  0.7587397E+01  0.5227242E+02  0.2087940E+03  0.5101484E+01  0.9177683E+00  0.3971194E+00
  0.7792462E+01  0.5235391E+02  0.2087998E+03  0.5098259E+01  0.9297892E+00  0.3680956E+00
  0.7997527E+01  0.5243488E+02  0.2088090E+03  0.5094993E+01  0.9408926E+00  0.3387086E+00
  0.8202592E+01  0.5251524E+02  0.2088218E+03  0.5091691E+01  0.9510674E+00  0.3089873E+00
  0.8407657E+01  0.5259490E+02  0.2088382E+03  0.5088355E+01  0.9603036E+00  0.2789611E+00
  0.8612721E+01  0.5267374E+02  0.2088585E+03  0.5084989E+01  0.9685922E+00  0.2486596E+00
  0.8817786E+01  0.5275169E+02  0.2088828E+03  0.5081596E+01  0.9759248E+00  0.2181127E+00
  0.9022851E+01  0.5282862E+02  0.2089112E+03  0.5078181E+01  0.9822943E+00  0.1873505E+00
  0.9227916E+01  0.5290446E+02  0.2089439E+03  0.5074746E+01  0.9876945E+00  0.1564035E+00
  0.9432981E+01  0.5297909E+02  0.2089809E+03  0.5071295E+01  0.9921199E+00  0.1253021E+00
  0.9638045E+01  0.5305241E+02  0.2090225E+03  0.5067832E+01  0.9955661E+00  0.9407700E-01
  0.9843110E+01  0.5312433E+02  0.2090687E+03  0.5064361E+01  0.9980299E+00  0.6275909E-01
  0.1004817E+02  0.5319475E+02  0.2091198E+03  0.5060886E+01  0.9995088E+00  0.3137924E-01
  0.1025324E+02  0.5326356E+02  0.2091758E+03  0.5057411E+01  0.1000001E+01 -0.3157119E-04
  0.1045830E+02  0.5333067E+02  0.2092369E+03  0.5053940E+01  0.9995068E+00 -0.3144235E-01
  0.1066337E+02  0.5339598E+02  0.2093033E+03  0.5050476E+01  0.9980259E+00 -0.6282210E-01
  0.1086843E+02  0.5345939E+02  0.2093749E+03  0.5047024E+01  0.9955602E+00 -0.9413986E-01
  0.1107350E+02  0.5352079E+02  0.2094520E+03  0.5043588E+01  0.9921119E+00 -0.1253647E+00
  0.1127856E+02  0.5358010E+02  0.2095348E+03  0.5040172E+01  0.9876846E+00 -0.1564658E+00
  0.1148363E+02  0.5363721E+02  0.2096232E+03  0.5036780E+01  0.9822825E+00 -0.1874126E+00
  0.1168869E+02  0.5369203E+02  0.2097174E+03  0.5033417E+01  0.9759110E+00 -0.2181743E+00
  0.1189376E+02  0.5374446E+02  0.2098176E+03  0.5030086E+01  0.9685765E+00 -0.2487208E+00
  0.1209882E+02  0.5379442E+02  0.2099239E+03  0.5026793E+01  0.9602860E+00 -0.2790218E+00
  0.1230389E+02  0.5384179E+02  0.2100363E+03  0.5023540E+01  0.9510479E+00 -0.3090474E+00
  0.1250895E+02  0.5388650E+02  0.2101550E+03  0.5020334E+01  0.9408712E+00 -0.3387680E+00
  0.1271402E+02  0.5392845E+02  0.2102800E+03  0.5017177E+01  0.9297660E+00 -0.3681543E+00
  0.1291908E+02  0.5396756E+02  0.2104114E+03  0.5014075E+01  0.9177432E+00 -0.3971773E+00
  0.1312415E+02  0.5400372E+02  0.2105494E+03  0.5011031E+01  0.9048147E+00 -0.4258084E+00
  0.1332921E+02  0.5403687E+02  0.2106939E+03  0.5008051E+01  0.8909933E+00 -0.4540192E+00
  0.1353428E+02  0.5406691E+02  0.2108452E+03  0.5005137E+01  0.8762925E+00 -0.4817819E+00
  0.1373934E+02  0.5409375E+02  0.2110031E+03  0.5002296E+01  0.8607270E+00 -0.5090692E+00
  0.1394441E+02  0.5411733E+02  0.2111679E+03  0.4999530E+01  0.8443120E+00 -0.5358541E+00
  0.1414947E+02  0.5413755E+02  0.2113395E+03  0.4996844E+01  0.8270638E+00 -0.5621102E+00
  0.1435454E+02  0.5415434E+02  0.2115180E+03  0.4994243E+01  0.8089994E+00 -0.5878115E+00
  0.1455960E+02  0.5416763E+02  0.2117035E+03  0.4991731E+01  0.7901366E+00 -0.6129327E+00
  0.1476467E+02  0.5417735E+02  0.2118959E+03  0.4989312E+01  0.7704940E+00 -0.6374491E+00
  0.1496973E+02  0.5418342E+02  0.2120953E+03  0.4986990E+01  0.7500911E+00 -0.6613363E+00
  0.1517479E+02  0.5418577E+02  0.2123017E+03  0.4984770E+01  0.7289479E+00 -0.6845709E+00
  0.1537986E+02  0.5418434E+02  0.2125151E+03  0.4982655E+01  0.7070853E+00 -0.7071300E+00
  0.1558492E+02  0.5417907E+02  0.2127355E+03  0.4980649E+01  0.6845249E+00 -0.7289911E+00
  0.1578999E+02  0.5416990E+02  0.2129630E+03  0.4978758E+01  0.6612890E+00 -0.7501329E+00
  0.1599505E+02  0.5415677E+02  0.2131974E+03  0.4976984E+01  0.6374004E+00 -0.7705343E+00
  0.1620012E+02  0.5413962E+02  0.2134389E+03  0.4975331E+01  0.6128828E+00 -0.7901753E+00
  0.1640518E+02  0.5411841E+02  0.2136873E+03  0.4973804E+01  0.5877604E+00 -0.8090365E+00
  0.1661025E+02  0.5409309E+02  0.2139426E+03  0.4972407E+01  0.5620579E+00 -0.8270993E+00
  0.1681531E+02  0.5406360E+02  0.2142048E+03  0.4971142E+01  0.5358008E+00 -0.8443459E+00
  0.1702038E+02  0.5402991E+02  0.2144738E+03  0.4970014E+01  0.5090149E+00 -0.8607591E+00
  0.1722544E+02  0.5399199E+02  0.2147496E+03  0.4969026E+01  0.4817266E+00 -0.8763229E+00
  0.1743051E+02  0.5394978E+02  0.2150322E+03  0.4968181E+01  0.4539629E+00 -0.8910219E+00
  0.1763557E+02  0.5390327E+02  0.2153214E+03  0.4967484E+01  0.4257512E+00 -0.9048416E+00
  0.1784064E+02  0.5385242E+02  0.2156171E+03  0.4966937E+01  0.3971194E+00 -0.9177683E+00
  0.1804570E+02  0.5379720E+02  0.2159194E+03  0.4966544E+01  0.3680956E+00 -0.9297892E+00
  0.1825077E+02  0.5373760E+02  0.2162280E+03  0.4966308E+01  0.3387086E+00 -0.9408926E+00
  0.1845583E+02  0.5367360E+02  0.2165430E+03  0.4966231E+01  0.3089873E+00 -0.9510674E+00
  0.1866090E+02  0.5360518E+02  0.2168643E+03  0.4966317E+01  0.2789611E+00 -0.9603036E+00
  0.1886596E+02  0.5353232E+02  0.2171916E+03  0.4966569E+01  0.2486596E+00 -0.9685922E+00
  0.1907103E+02  0.5345502E+02  0.2175250E+03  0.4966989E+01  0.2181127E+00 -0.9759248E+00
  0.1927609E+02  0.5337328E+02  0.2178642E+03  0.4967580E+01  0.1873505E+00 -0.9822943E+00
  0.1948116E+02  0.5328709E+02  0.2182093E+03  0.4968344E+01  0.1564035E+00 -0.9876945E+00
  0.1968622E+02  0.5319645E+02  0.2185600E+03  0.4969283E+01  0.1253021E+00 -0.9921199E+00
  0.1989129E+02  0.5310138E+02  0.2189163E+03  0.4970401E+01  0.9407700E-01 -0.9955661E+00
  0.2009635E+02  0.5300188E+02  0.2192780E+03  0.4971698E+01  0.6275909E-01 -0.9980299E+00
  0.2030141E+02  0.5289796E+02  0.2196450E+03  0.4973178E+01  0.3137924E-01 -0.9995088E+00
  0.2050648E+02  0.5278963E+02  0.2200172E+03  0.4974841E+01 -0.3157145E-04 -0.1000001E+01
  0.2071154E+02  0.5267693E+02  0.2203944E+03  0.4976690E+01 -0.3144235E-01 -0.9995068E+00
  0.2091661E+02  0.5255986E+02  0.2207766E+03  0.4978726E+01 -0.6282210E-01 -0.9980259E+00
  0.2112167E+02  0.5243847E+02  0.2211635E+03  0.4980950E+01 -0.9413986E-01 -0.9955602E+00
  0.2132674E+02  0.5231276E+02  0.2215550E+03  0.4983365E+01 -0.1253647E+00 -0.9921119E+00
  0.2153180E+02  0.5218279E+02  0.2219510E+03  0.4985970E+01 -0.1564658E+00 -0.9876846E+00
  0.2173687E+02  0.5204858E+02  0.2223514E+03  0.4988768E+01 -0.1874126E+00 -0.9822825E+00
  0.2194193E+02  0.5191017E+02  0.2227560E+03  0.4991758E+01 -0.2181743E+00 -0.9759110E+00
  0.2214700E+02  0.5176760E+02  0.2231647E+03  0.4994943E+01 -0.2487208E+00 -0.9685765E+00
  0.2235206E+02  0.5162093E+02  0.2235772E+03  0.4998321E+01 -0.2790218E+00 -0.9602860E+00
  0.2255713E+02  0.5147019E+02  0.2239936E+03  0.5001895E+01 -0.3090474E+00 -0.9510479E+00
  0.2276219E+02  0.5131544E+02  0.2244136E+03  0.5005664E+01 -0.3387680E+00 -0.9408712E+00
  0.2296726E+02  0.5115674E+02  0.2248371E+03  0.5009628E+01 -0.3681543E+00 -0.9297660E+00
  0.2317232E+02  0.5099413E+02  0.2252639E+03  0.5013788E+01 -0.3971773E+00 -0.9177432E+00
  0.2337739E+02  0.5082768E+02  0.2256940E+03  0.5018143E+01 -0.4258084E+00 -0.9048147E+00
  0.2358245E+02  0.5065744E+02  0.2261271E+03  0.5022693E+01 -0.4540192E+00 -0.8909933E+00
  0.2378752E+02  0.5048349E+02  0.2265631E+03  0.5027438E+01 -0.4817819E+00 -0.8762925E+00
  0.2399258E+02  0.5030590E+02  0.2270019E+03  0.5032377E+01 -0.5090692E+00 -0.8607270E+00
  0.2419765E+02  0.5012472E+02  0.2274433E+03  0.5037509E+01 -0.5358541E+00 -0.8443120E+00
  0.2440271E+02  0.4994003E+02  0.2278871E+03  0.5042835E+01 -0.5621102E+00 -0.8270638E+00
  0.2460778E+02  0.4975190E+02  0.2283333E+03  0.5048352E+01 -0.5878115E+00 -0.8089994E+00
  0.2481284E+02  0.4956042E+02  0.2287816E+03  0.5054061E+01 -0.6129327E+00 -0.7901366E+00
  0.2501790E+02  0.4936566E+02  0.2292320E+03  0.5059959E+01 -0.6374491E+00 -0.7704940E+00
  0.2522297E+02  0.4916769E+02  0.2296841E+03  0.5066045E+01 -0.6613363E+00 -0.7500911E+00
  0.2542803E+02  0.4896661E+02  0.2301380E+03  0.5072318E+01 -0.6845709E+00 -0.7289479E+00
  0.2563310E+02  0.4876250E+02  0.2305934E+03  0.5078776E+01 -0.7071300E+00 -0.7070853E+00
  0.2583816E+02  0.4855544E+02  0.2310501E+03  0.5085418E+01 -0.7289911E+00 -0.6845249E+00
  0.2604323E+02  0.4834552E+02  0.2315080E+03  0.5092242E+01 -0.7501329E+00 -0.6612890E+00
  0.2624829E+02  0.4813283E+02  0.2319669E+03  0.5099245E+01 -0.7705343E+00 -0.6374004E+00
  0.2645336E+02  0.4791747E+02  0.2324266E+03  0.5106426E+01 -0.7901753E+00 -0.6128828E+00
  0.2665842E+02  0.4769953E+02  0.2328870E+03  0.5113783E+01 -0.8090365E+00 -0.5877604E+00
  0.2686349E+02  0.4747910E+02  0.2333478E+03  0.5121312E+01 -0.8270993E+00 -0.5620579E+00
  0.2706855E+02  0.4725628E+02  0.2338088E+03  0.5129012E+01 -0.8443459E+00 -0.5358008E+00
  0.2727362E+02  0.4703118E+02  0.2342699E+03  0.5136880E+01 -0.8607591E+00 -0.5090149E+00
  0.2747868E+02  0.4680389E+02  0.2347308E+03  0.5144914E+01 -0.8763229E+00 -0.4817266E+00
  0.2768375E+02  0.4657451E+02  0.2351913E+03  0.5153110E+01 -0.8910219E+00 -0.4539629E+00
  0.2788881E+02  0.4634316E+02  0.2356511E+03  0.5161465E+01 -0.9048416E+00 -0.4257512E+00
  0.2809388E+02  0.4610993E+02  0.2361101E+03  0.5169977E+01 -0.9177683E+00 -0.3971194E+00
  0.2829894E+02  0.4587494E+02  0.2365679E+03  0.5178643E+01 -0.9297892E+00 -0.3680956E+00
  0.2850401E+02  0.4563829E+02  0.2370243E+03  0.5187458E+01 -0.9408926E+00 -0.3387086E+00
  0.2870907E+02  0.4540010E+02  0.2374790E+03  0.5196421E+01 -0.9510674E+00 -0.3089873E+00
  0.2891414E+02  0.4516048E+02  0.2379318E+03  0.5205526E+01 -0.9603036E+00 -0.2789611E+00
  0.2911920E+02  0.4491954E+02  0.2383823E+03  0.5214772E+01 -0.9685922E+00 -0.2486596E+00
  0.2932427E+02  0.4467741E+02  0.2388302E+03  0.5224153E+01 -0.9759248E+00 -0.2181127E+00
  0.2952933E+02  0.4443420E+02  0.2392753E+03  0.5233667E+01 -0.9822943E+00 -0.1873505E+00
  0.2973440E+02  0.4419003E+02  0.2397171E+03  0.5243309E+01 -0.9876945E+00 -0.1564035E+00
  0.2993946E+02  0.4394502E+02  0.2401553E+03  0.5253075E+01 -0.9921199E+00 -0.1253021E+00
  0.3014452E+02  0.4369931E+02  0.2405896E+03  0.5262961E+01 -0.9955661E+00 -0.9407699E-01
  0.3034959E+02  0.4345301E+02  0.2410196E+03  0.5272964E+01 -0.9980299E+00 -0.6275909E-01
  0.3055465E+02  0.4320625E+02  0.2414448E+03  0.5283078E+01 -0.9995088E+00 -0.3137924E-01
  0.3075972E+02  0.4295918E+02  0.2418650E+03  0.5293299E+01 -0.1000001E+01  0.3157171E-04
  0.3096478E+02  0.4271190E+02  0.2422796E+03  0.5303623E+01 -0.9995068E+00  0.3144235E-01
  0.3116985E+02  0.4246458E+02  0.2426883E+03  0.5314045E+01 -0.9980259E+00  0.6282210E-01
  0.3137491E+02  0.4221733E+02  0.2430906E+03  0.5324560E+01 -0.9955602E+00  0.9413986E-01
  0.3157998E+02  0.4197030E+02  0.2434860E+03  0.5335164E+01 -0.9921119E+00  0.1253647E+00
  0.3178504E+02  0.4172363E+02  0.2438742E+03  0.5345851E+01 -0.9876846E+00  0.1564658E+00
  0.3199011E+02  0.4147746E+02  0.2442546E+03  0.5356617E+01 -0.9822825E+00  0.1874126E+00
  0.3219517E+02  0.4123194E+02  0.2446267E+03  0.5367456E+01 -0.9759110E+00  0.2181743E+00
  0.3240024E+02  0.4098722E+02  0.2449901E+03  0.5378363E+01 -0.9685765E+00  0.2487208E+00
  0.3260530E+02  0.4074344E+02  0.2453442E+03  0.5389333E+01 -0.9602860E+00  0.2790218E+00
  0.3281037E+02  0.4050075E+02  0.2456887E+03  0.5400360E+01 -0.9510479E+00  0.3090474E+00
  0.3301543E+02  0.4025931E+02  0.2460229E+03  0.5411439E+01 -0.9408712E+00  0.3387680E+00
  0.3322050E+02  0.4001928E+02  0.2463463E+03  0.5422564E+01 -0.9297660E+00  0.3681544E+00
  0.3342556E+02  0.3978080E+02  0.2466586E+03  0.5433729E+01 -0.9177432E+00  0.3971773E+00
  0.3363063E+02  0.3954404E+02  0.2469591E+03  0.5444928E+01 -0.9048147E+00  0.4258084E+00
  0.3383569E+02  0.3930916E+02  0.2472474E+03  0.5456156E+01 -0.8909933E+00  0.4540192E+00
  0.3404076E+02  0.3907631E+02  0.2475229E+03  0.5467406E+01 -0.8762925E+00  0.4817819E+00
  0.3424582E+02  0.3884567E+02  0.2477853E+03  0.5478673E+01 -0.8607270E+00  0.5090692E+00
  0.3445089E+02  0.3861739E+02  0.2480340E+03  0.5489949E+01 -0.8443120E+00  0.5358541E+00
  0.3465595E+02  0.3839163E+02  0.2482686E+03  0.5501229E+01 -0.8270638E+00  0.5621102E+00
  0.3486102E+02  0.3816856E+02  0.2484887E+03  0.5512507E+01 -0.8089994E+00  0.5878115E+00
  0.3506608E+02  0.3794835E+02  0.2486937E+03  0.5523774E+01 -0.7901366E+00  0.6129327E+00
  0.3527114E+02  0.3773115E+02  0.2488834E+03  0.5535026E+01 -0.7704940E+00  0.6374491E+00
  0.3547621E+02  0.3751714E+02  0.2490574E+03  0.5546255E+01 -0.7500911E+00  0.6613363E+00
  0.3568127E+02  0.3730647E+02  0.2492152E+03  0.5557455E+01 -0.7289479E+00  0.6845709E+00
  0.3588634E+02  0.3709931E+02  0.2493566E+03  0.5568619E+01 -0.7070853E+00  0.7071300E+00
  0.3609140E+02  0.3689583E+02  0.2494814E+03  0.5579739E+01 -0.6845249E+00  0.7289911E+00
  0.3629647E+02  0.3669617E+02  0.2495891E+03  0.5590810E+01 -0.6612890E+00  0.7501329E+00
  0.3650153E+02  0.3650050E+02  0.2496797E+03  0.5601823E+01 -0.6374004E+00  0.7705343E+00
  0.3670660E+02  0.3630897E+02  0.2497529E+03  0.5612773E+01 -0.6128828E+00  0.7901753E+00
  0.3691166E+02  0.3612173E+02  0.2498087E+03  0.5623651E+01 -0.5877604E+00  0.8090365E+00
  0.3711673E+02  0.3593894E+02  0.2498468E+03  0.5634451E+01 -0.5620579E+00  0.8270993E+00
  0.3732179E+02  0.3576073E+02  0.2498673E+03  0.5645166E+01 -0.5358008E+00  0.8443459E+00
  0.3752686E+02  0.3558726E+02  0.2498701E+03  0.5655788E+01 -0.5090149E+00  0.8607591E+00
  0.3773192E+02  0.3541865E+02  0.2498552E+03  0.5666311E+01 -0.4817266E+00  0.8763229E+00
  0.3793699E+02  0.3525505E+02  0.2498228E+03  0.5676728E+01 -0.4539629E+00  0.8910219E+00
  0.3814205E+02  0.3509656E+02  0.2497730E+03  0.5687031E+01 -0.4257512E+00  0.9048416E+00
  0.3834712E+02  0.3494333E+02  0.2497059E+03  0.5697213E+01 -0.3971194E+00  0.9177683E+00
  0.3855218E+02  0.3479546E+02  0.2496218E+03  0.5707268E+01 -0.3680956E+00  0.9297892E+00
  0.3875725E+02  0.3465305E+02  0.2495208E+03  0.5717189E+01 -0.3387086E+00  0.9408926E+00
  0.3896231E+02  0.3451622E+02  0.2494034E+03  0.5726968E+01 -0.3089873E+00  0.9510674E+00
  0.3916738E+02  0.3438505E+02  0.2492699E+03  0.5736599E+01 -0.2789611E+00  0.9603036E+00
  0.3937244E+02  0.3425964E+02  0.2491207E+03  0.5746076E+01 -0.2486596E+00  0.9685922E+00
  0.3957751E+02  0.3414005E+02  0.2489561E+03  0.5755392E+01 -0.2181127E+00  0.9759248E+00
  0.3978257E+02  0.3402637E+02  0.2487768E+03  0.5764540E+01 -0.1873505E+00  0.9822943E+00
  0.3998763E+02  0.3391865E+02  0.2485831E+03  0.5773515E+01 -0.1564035E+00  0.9876945E+00
  0.4019270E+02  0.3381694E+02  0.2483757E+03  0.5782310E+01 -0.1253021E+00  0.9921199E+00
  0.4039776E+02  0.3372130E+02  0.2481551E+03  0.5790920E+01 -0.9407699E-01  0.9955661E+00
  0.4060283E+02  0.3363175E+02  0.2479219E+03  0.5799339E+01 -0.6275909E-01  0.9980299E+00
  0.4080789E+02  0.3354832E+02  0.2476767E+03  0.5807561E+01 -0.3137924E-01  0.9995088E+00
  0.4101296E+02  0.3347103E+02  0.2474203E+03  0.5815581E+01  0.3157196E-04  0.1000001E+01
  0.4121802E+02  0.3339989E+02  0.2471533E+03  0.5823394E+01  0.3144235E-01  0.9995068E+00
  0.4142309E+02  0.3333489E+02  0.2468763E+03  0.5830995E+01  0.6282210E-01  0.9980259E+00
  0.4162815E+02  0.3327603E+02  0.2465901E+03  0.5838380E+01  0.9413986E-01  0.9955602E+00
  0.4183322E+02  0.3322328E+02  0.2462953E+03  0.5845544E+01  0.1253647E+00  0.9921119E+00
  0.4203828E+02  0.3317661E+02  0.2459928E+03  0.5852483E+01  0.1564658E+00  0.9876846E+00
  0.4224335E+02  0.3313600E+02  0.2456832E+03  0.5859194E+01  0.1874126E+00  0.9822825E+00
  0.4244841E+02  0.3310138E+02  0.2453672E+03  0.5865672E+01  0.2181743E+00  0.9759110E+00
  0.4265348E+02  0.3307271E+02  0.2450456E+03  0.5871916E+01  0.2487208E+00  0.9685765E+00
  0.4285854E+02  0.3304991E+02  0.2447189E+03  0.5877921E+01  0.2790218E+00  0.9602860E+00
  0.4306361E+02  0.3303293E+02  0.2443881E+03  0.5883686E+01  0.3090474E+00  0.9510479E+00
  0.4326867E+02  0.3302167E+02  0.2440536E+03  0.5889208E+01  0.3387680E+00  0.9408712E+00
  0.4347374E+02  0.3301605E+02  0.2437162E+03  0.5894484E+01  0.3681544E+00  0.9297660E+00
  0.4367880E+02  0.3301598E+02  0.2433766E+03  0.5899515E+01  0.3971773E+00  0.9177432E+00
  0.4388387E+02  0.3302135E+02  0.2430352E+03  0.5904297E+01  0.4258084E+00  0.9048147E+00
  0.4408893E+02  0.3303206E+02  0.2426929E+03  0.5908830E+01  0.4540192E+00  0.8909933E+00
  0.4429400E+02  0.3304799E+02  0.2423500E+03  0.5913113E+01  0.4817819E+00  0.8762925E+00
  0.4449906E+02  0.3306903E+02  0.2420073E+03  0.5917146E+01  0.5090692E+00  0.8607270E+00
  0.4470413E+02  0.3309504E+02  0.2416651E+03  0.5920929E+01  0.5358541E+00  0.8443120E+00
  0.4490919E+02  0.3312589E+02  0.2413241E+03  0.5924462E+01  0.5621102E+00  0.8270638E+00
  0.4511425E+02  0.3316146E+02  0.2409846E+03  0.5927745E+01  0.5878115E+00  0.8089994E+00
  0.4531932E+02  0.3320160E+02  0.2406471E+03  0.5930780E+01  0.6129327E+00  0.7901366E+00
  0.4552438E+02  0.3324617E+02  0.2403121E+03  0.5933567E+01  0.6374491E+00  0.7704940E+00
  0.4572945E+02  0.3329503E+02  0.2399798E+03  0.5936108E+01  0.6613363E+00  0.7500911E+00
  0.4593451E+02  0.3334802E+02  0.2396508E+03  0.5938405E+01  0.6845709E+00  0.7289479E+00
  0.4613958E+02  0.3340500E+02  0.2393251E+03  0.5940459E+01  0.7071300E+00  0.7070853E+00
  0.4634464E+02  0.3346581E+02  0.2390033E+03  0.5942273E+01  0.7289911E+00  0.6845249E+00
  0.4654971E+02  0.3353029E+02  0.2386855E+03  0.5943850E+01  0.7501329E+00  0.6612890E+00
  0.4675477E+02  0.3359830E+02  0.2383720E+03  0.5945191E+01  0.7705343E+00  0.6374004E+00
  0.4695984E+02  0.3366967E+02  0.2380629E+03  0.5946301E+01  0.7901753E+00  0.6128828E+00
  0.4716490E+02  0.3374424E+02  0.2377585E+03  0.5947183E+01  0.8090365E+00  0.5877604E+00
  0.4736997E+02  0.3382185E+02  0.2374590E+03  0.5947839E+01  0.8270993E+00  0.5620579E+00
  0.4757503E+02  0.3390236E+02  0.2371644E+03  0.5948274E+01  0.8443459E+00  0.5358008E+00
  0.4778010E+02  0.3398559E+02  0.2368749E+03  0.5948491E+01  0.8607591E+00  0.5090149E+00
  0.4798516E+02  0.3407139E+02  0.2365905E+03  0.5948495E+01  0.8763229E+00  0.4817266E+00
  0.4819023E+02  0.3415960E+02  0.2363114E+03  0.5948289E+01  0.8910219E+00  0.4539629E+00
  0.4839529E+02  0.3425006E+02  0.2360376E+03  0.5947879E+01  0.9048416E+00  0.4257512E+00
  0.4860036E+02  0.3434263E+02  0.2357691E+03  0.5947269E+01  0.9177683E+00  0.3971194E+00
  0.4880542E+02  0.3443715E+02  0.2355060E+03  0.5946464E+01  0.9297892E+00  0.3680956E+00
  0.4901049E+02  0.3453346E+02  0.2352482E+03  0.5945468E+01  0.9408926E+00  0.3387086E+00
  0.4921555E+02  0.3463141E+02  0.2349958E+03  0.5944286E+01  0.9510674E+00  0.3089873E+00
  0.4942062E+02  0.3473085E+02  0.2347487E+03  0.5942924E+01  0.9603036E+00  0.2789611E+00
  0.4962568E+02  0.3483165E+02  0.2345068E+03  0.5941388E+01  0.9685922E+00  0.2486596E+00
  0.4983075E+02  0.3493365E+02  0.2342702E+03  0.5939681E+01  0.9759248E+00  0.2181127E+00
  0.5003581E+02  0.3503671E+02  0.2340388E+03  0.5937810E+01  0.9822943E+00  0.1873505E+00
  0.5024087E+02  0.3514070E+02  0.2338125E+03  0.5935781E+01  0.9876945E+00  0.1564035E+00
  0.5044594E+02  0.3524547E+02  0.2335912E+03  0.5933598E+01  0.9921199E+00  0.1253021E+00
  0.5065100E+02  0.3535090E+02  0.2333749E+03  0.5931268E+01  0.9955661E+00  0.9407699E-01
  0.5085607E+02  0.3545684E+02  0.2331635E+03  0.5928795E+01  0.9980299E+00  0.6275909E-01
  0.5106113E+02  0.3556318E+02  0.2329568E+03  0.5926187E+01  0.9995088E+00  0.3137924E-01
  0.5126620E+02  0.3566978E+02  0.2327549E+03  0.5923448E+01  0.1000001E+01 -0.3157222E-04
  0.5147126E+02  0.3577653E+02  0.2325575E+03  0.5920585E+01  0.9995068E+00 -0.3144235E-01
  0.5167633E+02  0.3588331E+02  0.2323647E+03  0.5917602E+01  0.9980259E+00 -0.6282210E-01
  0.5188139E+02  0.3598999E+02  0.2321762E+03  0.5914507E+01  0.9955602E+00 -0.9413986E-01
  0.5208646E+02  0.3609647E+02  0.2319921E+03  0.5911304E+01  0.9921119E+00 -0.1253647E+00
  0.5229152E+02  0.3620263E+02  0.2318121E+03  0.5908000E+01  0.9876846E+00 -0.1564658E+00
  0.5249659E+02  0.3630836E+02  0.2316362E+03  0.5904600E+01  0.9822825E+00 -0.1874126E+00
  0.5270165E+02  0.3641357E+02  0.2314643E+03  0.5901110E+01  0.9759110E+00 -0.2181743E+00
  0.5290672E+02  0.3651816E+02  0.2312963E+03  0.5897536E+01  0.9685765E+00 -0.2487208E+00
  0.5311178E+02  0.3662201E+02  0.2311320E+03  0.5893883E+01  0.9602860E+00 -0.2790218E+00
  0.5331685E+02  0.3672505E+02  0.2309714E+03  0.5890157E+01  0.9510479E+00 -0.3090474E+00
  0.5352191E+02  0.3682717E+02  0.2308144E+03  0.5886364E+01  0.9408712E+00 -0.3387680E+00
  0.5372698E+02  0.3692830E+02  0.2306608E+03  0.5882508E+01  0.9297660E+00 -0.3681544E+00
  0.5393204E+02  0.3702834E+02  0.2305105E+03  0.5878597E+01  0.9177432E+00 -0.3971773E+00
  0.5413711E+02  0.3712722E+02  0.2303635E+03  0.5874634E+01  0.9048147E+00 -0.4258084E+00
  0.5434217E+02  0.3722485E+02  0.2302197E+03  0.5870626E+01  0.8909933E+00 -0.4540192E+00
  0.5454724E+02  0.3732116E+02  0.2300790E+03  0.5866578E+01  0.8762925E+00 -0.4817819E+00
  0.5475230E+02  0.3741608E+02  0.2299412E+03  0.5862494E+01  0.8607270E+00 -0.5090692E+00
  0.5495736E+02  0.3750954E+02  0.2298063E+03  0.5858380E+01  0.8443120E+00 -0.5358541E+00
  0.5516243E+02  0.3760148E+02  0.2296742E+03  0.5854242E+01  0.8270638E+00 -0.5621102E+00
  0.5536749E+02  0.3769182E+02  0.2295448E+03  0.5850083E+01  0.8089994E+00 -0.5878115E+00
  0.5557256E+02  0.3778052E+02  0.2294180E+03  0.5845909E+01  0.7901366E+00 -0.6129327E+00
  0.5577762E+02  0.3786751E+02  0.2292938E+03  0.5841724E+01  0.7704940E+00 -0.6374491E+00
  0.5598269E+02  0.3795275E+02  0.2291720E+03  0.5837534E+01  0.7500911E+00 -0.6613363E+00
  0.5618775E+02  0.3803618E+02  0.2290526E+03  0.5833342E+01  0.7289479E+00 -0.6845709E+00
  0.5639282E+02  0.3811775E+02  0.2289356E+03  0.5829154E+01  0.7070853E+00 -0.7071300E+00
  0.5659788E+02  0.3819743E+02  0.2288207E+03  0.5824973E+01  0.6845249E+00 -0.7289911E+00
  0.5680295E+02  0.3827517E+02  0.2287081E+03  0.5820804E+01  0.6612890E+00 -0.7501329E+00
  0.5700801E+02  0.3835093E+02  0.2285975E+03  0.5816651E+01  0.6374004E+00 -0.7705343E+00
  0.5721308E+02  0.3842468E+02  0.2284889E+03  0.5812517E+01  0.6128828E+00 -0.7901753E+00
  0.5741814E+02  0.3849638E+02  0.2283824E+03  0.5808408E+01  0.5877604E+00 -0.8090365E+00
  0.5762321E+02  0.3856602E+02  0.2282777E+03  0.5804327E+01  0.5620579E+00 -0.8270993E+00
  0.5782827E+02  0.3863355E+02  0.2281748E+03  0.5800276E+01  0.5358008E+00 -0.8443459E+00
  0.5803334E+02  0.3869897E+02  0.2280738E+03  0.5796261E+01  0.5090149E+00 -0.8607591E+00
  0.5823840E+02  0.3876224E+02  0.2279744E+03  0.5792284E+01  0.4817266E+00 -0.8763229E+00
  0.5844347E+02  0.3882335E+02  0.2278768E+03  0.5788348E+01  0.4539629E+00 -0.8910219E+00
  0.5864853E+02  0.3888230E+02  0.2277807E+03  0.5784458E+01  0.4257512E+00 -0.9048416E+00
  0.5885360E+02  0.3893905E+02  0.2276862E+03  0.5780615E+01  0.3971194E+00 -0.9177683E+00
  0.5905866E+02  0.3899362E+02  0.2275932E+03  0.5776824E+01  0.3680956E+00 -0.9297892E+00
  0.5926373E+02  0.3904598E+02  0.2275016E+03  0.5773086E+01  0.3387086E+00 -0.9408926E+00
  0.5946879E+02  0.3909615E+02  0.2274115E+03  0.5769404E+01  0.3089873E+00 -0.9510674E+00
  0.5967386E+02  0.3914411E+02  0.2273227E+03  0.5765782E+01  0.2789611E+00 -0.9603036E+00
  0.5987892E+02  0.3918987E+02  0.2272352E+03  0.5762221E+01  0.2486596E+00 -0.9685922E+00
  0.6008398E+02  0.3923343E+02  0.2271490E+03  0.5758724E+01  0.2181127E+00 -0.9759248E+00
  0.6028905E+02  0.3927481E+02  0.2270640E+03  0.5755292E+01  0.1873505E+00 -0.9822943E+00
  0.6049411E+02  0.3931400E+02  0.2269802E+03  0.5751929E+01  0.1564035E+00 -0.9876945E+00
  0.6069918E+02  0.3935103E+02  0.2268975E+03  0.5748636E+01  0.1253021E+00 -0.9921199E+00
  0.6090424E+02  0.3938591E+02  0.2268159E+03  0.5745415E+01  0.9407699E-01 -0.9955661E+00
  0.6110931E+02  0.3941866E+02  0.2267353E+03  0.5742267E+01  0.6275908E-01 -0.9980299E+00
  0.6131437E+02  0.3944930E+02  0.2266557E+03  0.5739194E+01  0.3137924E-01 -0.9995088E+00
  0.6151944E+02  0.3947784E+02  0.2265771E+03  0.5736198E+01 -0.3157248E-04 -0.1000001E+01
  0.6172450E+02  0.3950432E+02  0.2264995E+03  0.5733280E+01 -0.3144235E-01 -0.9995068E+00
  0.6192957E+02  0.3952875E+02  0.2264227E+03  0.5730441E+01 -0.6282211E-01 -0.9980259E+00
  0.6213463E+02  0.3955118E+02  0.2263468E+03  0.5727682E+01 -0.9413986E-01 -0.9955602E+00
  0.6233970E+02  0.3957163E+02  0.2262717E+03  0.5725004E+01 -0.1253647E+00 -0.9921119E+00
  0.6254476E+02  0.3959014E+02  0.2261973E+03  0.5722407E+01 -0.1564658E+00 -0.9876846E+00
  0.6274983E+02  0.3960674E+02  0.2261237E+03  0.5719894E+01 -0.1874126E+00 -0.9822825E+00
  0.6295489E+02  0.3962146E+02  0.2260509E+03  0.5717463E+01 -0.2181743E+00 -0.9759110E+00
  0.6315996E+02  0.3963436E+02  0.2259786E+03  0.5715116E+01 -0.2487208E+00 -0.9685765E+00
  0.6336502E+02  0.3964547E+02  0.2259071E+03  0.5712853E+01 -0.2790218E+00 -0.9602860E+00
  0.6357009E+02  0.3965483E+02  0.2258361E+03  0.5710674E+01 -0.3090474E+00 -0.9510479E+00
  0.6377515E+02  0.3966249E+02  0.2257657E+03  0.5708580E+01 -0.3387680E+00 -0.9408712E+00
  0.6398022E+02  0.3966850E+02  0.2256959E+03  0.5706569E+01 -0.3681544E+00 -0.9297660E+00
  0.6418528E+02  0.3967290E+02  0.2256265E+03  0.5704643E+01 -0.3971773E+00 -0.9177432E+00
  0.6439035E+02  0.3967576E+02  0.2255577E+03  0.5702800E+01 -0.4258084E+00 -0.9048147E+00
  0.6459541E+02  0.3967711E+02  0.2254893E+03  0.5701041E+01 -0.4540192E+00 -0.8909933E+00
  0.6480048E+02  0.3967702E+02  0.2254213E+03  0.5699365E+01 -0.4817819E+00 -0.8762925E+00
  0.6500554E+02  0.3967554E+02  0.2253537E+03  0.5697771E+01 -0.5090692E+00 -0.8607270E+00
  0.6521060E+02  0.3967272E+02  0.2252865E+03  0.5696259E+01 -0.5358541E+00 -0.8443120E+00
  0.6541567E+02  0.3966863E+02  0.2252196E+03  0.5694828E+01 -0.5621102E+00 -0.8270638E+00
  0.6562073E+02  0.3966332E+02  0.2251530E+03  0.5693477E+01 -0.5878115E+00 -0.8089994E+00
  0.6582580E+02  0.3965686E+02  0.2250867E+03  0.5692205E+01 -0.6129327E+00 -0.7901366E+00
  0.6603086E+02  0.3964931E+02  0.2250207E+03  0.5691011E+01 -0.6374491E+00 -0.7704940E+00
  0.6623593E+02  0.3964072E+02  0.2249549E+03  0.5689894E+01 -0.6613363E+00 -0.7500911E+00
  0.6644099E+02  0.3963117E+02  0.2248894E+03  0.5688852E+01 -0.6845709E+00 -0.7289479E+00
  0.6664606E+02  0.3962072E+02  0.2248240E+03  0.5687884E+01 -0.7071300E+00 -0.7070853E+00
  0.6685112E+02  0.3960944E+02  0.2247588E+03  0.5686989E+01 -0.7289911E+00 -0.6845249E+00
  0.6705619E+02  0.3959738E+02  0.2246938E+03  0.5686165E+01 -0.7501329E+00 -0.6612890E+00
  0.6726125E+02  0.3958463E+02  0.2246289E+03  0.5685410E+01 -0.7705343E+00 -0.6374004E+00
  0.6746632E+02  0.3957124E+02  0.2245641E+03  0.5684723E+01 -0.7901753E+00 -0.6128828E+00
  0.6767138E+02  0.3955728E+02  0.2244994E+03  0.5684102E+01 -0.8090365E+00 -0.5877604E+00
  0.6787645E+02  0.3954283E+02  0.2244348E+03  0.5683545E+01 -0.8270993E+00 -0.5620579E+00
  0.6808151E+02  0.3952796E+02  0.2243703E+03  0.5683049E+01 -0.8443459E+00 -0.5358008E+00
  0.6828658E+02  0.3951272E+02  0.2243058E+03  0.5682614E+01 -0.8607591E+00 -0.5090149E+00
  0.6849164E+02  0.3949720E+02  0.2242413E+03  0.5682237E+01 -0.8763229E+00 -0.4817266E+00
  0.6869671E+02  0.3948147E+02  0.2241769E+03  0.5681915E+01 -0.8910219E+00 -0.4539629E+00
  0.6890177E+02  0.3946559E+02  0.2241125E+03  0.5681646E+01 -0.9048416E+00 -0.4257512E+00
  0.6910684E+02  0.3944963E+02  0.2240481E+03  0.5681429E+01 -0.9177683E+00 -0.3971194E+00
  0.6931190E+02  0.3943366E+02  0.2239837E+03  0.5681261E+01 -0.9297892E+00 -0.3680956E+00
  0.6951697E+02  0.3941776E+02  0.2239193E+03  0.5681138E+01 -0.9408926E+00 -0.3387086E+00
  0.6972203E+02  0.3940200E+02  0.2238549E+03  0.5681060E+01 -0.9510674E+00 -0.3089873E+00
  0.6992709E+02  0.3938644E+02  0.2237904E+03  0.5681023E+01 -0.9603036E+00 -0.2789611E+00
  0.7013216E+02  0.3937115E+02  0.2237259E+03  0.5681025E+01 -0.9685922E+00 -0.2486596E+00
  0.7033722E+02  0.3935621E+02  0.2236614E+03  0.5681064E+01 -0.9759248E+00 -0.2181127E+00
  0.7054229E+02  0.3934167E+02  0.2235968E+03  0.5681135E+01 -0.9822943E+00 -0.1873505E+00
  0.7074735E+02  0.3932762E+02  0.2235321E+03  0.5681238E+01 -0.9876945E+00 -0.1564035E+00
  0.7095242E+02  0.3931411E+02  0.2234674E+03  0.5681369E+01 -0.9921199E+00 -0.1253021E+00
  0.7115748E+02  0.3930121E+02  0.2234027E+03  0.5681525E+01 -0.9955661E+00 -0.9407699E-01
  0.7136255E+02  0.3928899E+02  0.2233378E+03  0.5681704E+01 -0.9980299E+00 -0.6275908E-01
  0.7156761E+02  0.3927752E+02  0.2232729E+03  0.5681903E+01 -0.9995088E+00 -0.3137924E-01
  0.7177268E+02  0.3926685E+02  0.2232080E+03  0.5682118E+01 -0.1000001E+01  0.3157274E-04
  0.7197774E+02  0.3925705E+02  0.2231430E+03  0.5682348E+01 -0.9995068E+00  0.3144235E-01
  0.7218281E+02  0.3924818E+02  0.2230779E+03  0.5682590E+01 -0.9980259E+00  0.6282211E-01
  0.7238787E+02  0.3924031E+02  0.2230128E+03  0.5682840E+01 -0.9955602E+00  0.9413986E-01
  0.7259294E+02  0.3923349E+02  0.2229476E+03  0.5683095E+01 -0.9921119E+00  0.1253647E+00
  0.7279800E+02  0.3922778E+02  0.2228824E+03  0.5683354E+01 -0.9876846E+00  0.1564658E+00
  0.7300307E+02  0.3922324E+02  0.2228171E+03  0.5683612E+01 -0.9822825E+00  0.1874126E+00
  0.7320813E+02  0.3921992E+02  0.2227517E+03  0.5683867E+01 -0.9759110E+00  0.2181743E+00
  0.7341320E+02  0.3921789E+02  0.2226863E+03  0.5684116E+01 -0.9685765E+00  0.2487208E+00
  0.7361826E+02  0.3921718E+02  0.2226208E+03  0.5684357E+01 -0.9602860E+00  0.2790218E+00
  0.7382333E+02  0.3921786E+02  0.2225553E+03  0.5684586E+01 -0.9510479E+00  0.3090474E+00
  0.7402839E+02  0.3921997E+02  0.2224898E+03  0.5684801E+01 -0.9408712E+00  0.3387680E+00
  0.7423346E+02  0.3922356E+02  0.2224242E+03  0.5684999E+01 -0.9297660E+00  0.3681544E+00
  0.7443852E+02  0.3922869E+02  0.2223586E+03  0.5685177E+01 -0.9177432E+00  0.3971773E+00
  0.7464359E+02  0.3923539E+02  0.2222929E+03  0.5685332E+01 -0.9048147E+00  0.4258084E+00
  0.7484865E+02  0.3924370E+02  0.2222272E+03  0.5685461E+01 -0.8909933E+00  0.4540192E+00
  0.7505371E+02  0.3925367E+02  0.2221615E+03  0.5685562E+01 -0.8762925E+00  0.4817819E+00
  0.7525878E+02  0.3926535E+02  0.2220958E+03  0.5685633E+01 -0.8607270E+00  0.5090692E+00
  0.7546384E+02  0.3927876E+02  0.2220300E+03  0.5685670E+01 -0.8443120E+00  0.5358541E+00
  0.7566891E+02  0.3929395E+02  0.2219642E+03  0.5685671E+01 -0.8270638E+00  0.5621102E+00
  0.7587397E+02  0.3931094E+02  0.2218984E+03  0.5685633E+01 -0.8089994E+00  0.5878115E+00
  0.7607904E+02  0.3932977E+02  0.2218325E+03  0.5685554E+01 -0.7901366E+00  0.6129327E+00
  0.7628410E+02  0.3935048E+02  0.2217667E+03  0.5685431E+01 -0.7704940E+00  0.6374491E+00
  0.7648917E+02  0.3937309E+02  0.2217008E+03  0.5685262E+01 -0.7500911E+00  0.6613363E+00
  0.7669423E+02  0.3939762E+02  0.2216349E+03  0.5685045E+01 -0.7289479E+00  0.6845709E+00
  0.7689930E+02  0.3942410E+02  0.2215690E+03  0.5684777E+01 -0.7070853E+00  0.7071300E+00
  0.7710436E+02  0.3945256E+02  0.2215030E+03  0.5684455E+01 -0.6845249E+00  0.7289911E+00
  0.7730943E+02  0.3948301E+02  0.2214371E+03  0.5684079E+01 -0.6612890E+00  0.7501329E+00
  0.7751449E+02  0.3951548E+02  0.2213711E+03  0.5683645E+01 -0.6374004E+00  0.7705343E+00
  0.7771956E+02  0.3954997E+02  0.2213050E+03  0.5683151E+01 -0.6128828E+00  0.7901753E+00
  0.7792462E+02  0.3958651E+02  0.2212390E+03  0.5682596E+01 -0.5877604E+00  0.8090365E+00
  0.7812969E+02  0.3962511E+02  0.2211729E+03  0.5681977E+01 -0.5620579E+00  0.8270993E+00
  0.7833475E+02  0.3966577E+02  0.2211068E+03  0.5681293E+01 -0.5358008E+00  0.8443459E+00
  0.7853982E+02  0.3970851E+02  0.2210406E+03  0.5680541E+01 -0.5090149E+00  0.8607591E+00
  0.7874488E+02  0.3975333E+02  0.2209744E+03  0.5679721E+01 -0.4817266E+00  0.8763229E+00
  0.7894995E+02  0.3980023E+02  0.2209081E+03  0.5678829E+01 -0.4539629E+00  0.8910219E+00
  0.7915501E+02  0.3984922E+02  0.2208418E+03  0.5677866E+01 -0.4257512E+00  0.9048416E+00
  0.7936008E+02  0.3990030E+02  0.2207754E+03  0.5676828E+01 -0.3971194E+00  0.9177683E+00
  0.7956514E+02  0.3995346E+02  0.2207089E+03  0.5675715E+01 -0.3680956E+00  0.9297892E+00
  0.7977021E+02  0.4000870E+02  0.2206423E+03  0.5674526E+01 -0.3387086E+00  0.9408926E+00
  0.7997527E+02  0.4006602E+02  0.2205757E+03  0.5673258E+01 -0.3089873E+00  0.9510674E+00
  0.8018033E+02  0.4012540E+02  0.2205089E+03  0.5671911E+01 -0.2789611E+00  0.9603036E+00
  0.8038540E+02  0.4018684E+02  0.2204421E+03  0.5670484E+01 -0.2486596E+00  0.9685922E+00
  0.8059046E+02  0.4025032E+02  0.2203751E+03  0.5668975E+01 -0.2181127E+00  0.9759248E+00
  0.8079553E+02  0.4031582E+02  0.2203080E+03  0.5667384E+01 -0.1873505E+00  0.9822943E+00
  0.8100059E+02  0.4038334E+02  0.2202407E+03  0.5665709E+01 -0.1564035E+00  0.9876945E+00
  0.8120566E+02  0.4045286E+02  0.2201733E+03  0.5663951E+01 -0.1253021E+00  0.9921199E+00
  0.8141072E+02  0.4052434E+02  0.2201058E+03  0.5662107E+01 -0.9407699E-01  0.9955661E+00
  0.8161579E+02  0.4059778E+02  0.2200381E+03  0.5660178E+01 -0.6275908E-01  0.9980299E+00
  0.8182085E+02  0.4067314E+02  0.2199702E+03  0.5658163E+01 -0.3137924E-01  0.9995088E+00
  0.8202592E+02  0.4075041E+02  0.2199021E+03  0.5656062E+01  0.3157300E-04  0.1000001E+01
  0.8223098E+02  0.4082955E+02  0.2198338E+03  0.5653873E+01  0.3144235E-01  0.9995068E+00
  0.8243605E+02  0.4091053E+02  0.2197653E+03  0.5651598E+01  0.6282211E-01  0.9980259E+00
  0.8264111E+02  0.4099332E+02  0.2196966E+03  0.5649235E+01  0.9413986E-01  0.9955602E+00
  0.8284618E+02  0.4107789E+02  0.2196277E+03  0.5646785E+01  0.1253647E+00  0.9921119E+00
  0.8305124E+02  0.4116421E+02  0.2195585E+03  0.5644247E+01  0.1564658E+00  0.9876846E+00
  0.8325631E+02  0.4125223E+02  0.2194891E+03  0.5641621E+01  0.1874126E+00  0.9822825E+00
  0.8346137E+02  0.4134192E+02  0.2194195E+03  0.5638909E+01  0.2181743E+00  0.9759110E+00
  0.8366644E+02  0.4143324E+02  0.2193495E+03  0.5636109E+01  0.2487208E+00  0.9685765E+00
  0.8387150E+02  0.4152615E+02  0.2192793E+03  0.5633222E+01  0.2790218E+00  0.9602860E+00
  0.8407657E+02  0.4162060E+02  0.2192088E+03  0.5630249E+01  0.3090474E+00  0.9510479E+00
  0.8428163E+02  0.4171655E+02  0.2191381E+03  0.5627191E+01  0.3387680E+00  0.9408712E+00
  0.8448670E+02  0.4181396E+02  0.2190670E+03  0.5624047E+01  0.3681544E+00  0.9297660E+00
  0.8469176E+02  0.4191277E+02  0.2189957E+03  0.5620818E+01  0.3971773E+00  0.9177432E+00
  0.8489682E+02  0.4201294E+02  0.2189240E+03  0.5617506E+01  0.4258084E+00  0.9048147E+00
  0.8510189E+02  0.4211441E+02  0.2188520E+03  0.5614110E+01  0.4540192E+00  0.8909933E+00
  0.8530695E+02  0.4221715E+02  0.2187797E+03  0.5610633E+01  0.4817819E+00  0.8762925E+00
  0.8551202E+02  0.4232108E+02  0.2187072E+03  0.5607074E+01  0.5090692E+00  0.8607270E+00
  0.8571708E+02  0.4242616E+02  0.2186342E+03  0.5603435E+01  0.5358541E+00  0.8443120E+00
  0.8592215E+02  0.4253234E+02  0.2185610E+03  0.5599717E+01  0.5621102E+00  0.8270638E+00
  0.8612721E+02  0.4263956E+02  0.2184875E+03  0.5595922E+01  0.5878115E+00  0.8089994E+00
  0.8633228E+02  0.4274775E+02  0.2184136E+03  0.5592050E+01  0.6129327E+00  0.7901366E+00
  0.8653734E+02  0.4285687E+02  0.2183395E+03  0.5588103E+01  0.6374491E+00  0.7704940E+00
  0.8674241E+02  0.4296685E+02  0.2182650E+03  0.5584083E+01  0.6613363E+00  0.7500911E+00
  0.8694747E+02  0.4307764E+02  0.2181902E+03  0.5579991E+01  0.6845709E+00  0.7289479E+00
  0.8715254E+02  0.4318917E+02  0.2181152E+03  0.5575828E+01  0.7071300E+00  0.7070853E+00
  0.8735760E+02  0.4330137E+02  0.2180398E+03  0.5571596E+01  0.7289911E+00  0.6845249E+00
  0.8756267E+02  0.4341420E+02  0.2179642E+03  0.5567298E+01  0.7501329E+00  0.6612890E+00
  0.8776773E+02  0.4352758E+02  0.2178882E+03  0.5562934E+01  0.7705343E+00  0.6374004E+00
  0.8797280E+02  0.4364145E+02  0.2178121E+03  0.5558507E+01  0.7901753E+00  0.6128828E+00
  0.8817786E+02  0.4375574E+02  0.2177356E+03  0.5554019E+01  0.8090365E+00  0.5877604E+00
  0.8838293E+02  0.4387040E+02  0.2176590E+03  0.5549472E+01  0.8270993E+00  0.5620579E+00
  0.8858799E+02  0.4398535E+02  0.2175821E+03  0.5544867E+01  0.8443459E+00  0.5358008E+00
  0.8879306E+02  0.4410054E+02  0.2175050E+03  0.5540207E+01  0.8607591E+00  0.5090149E+00
  0.8899812E+02  0.4421588E+02  0.2174278E+03  0.5535494E+01  0.8763229E+00  0.4817266E+00
  0.8920319E+02  0.4433133E+02  0.2173503E+03  0.5530730E+01  0.8910219E+00  0.4539629E+00
  0.8940825E+02  0.4444680E+02  0.2172727E+03  0.5525917E+01  0.9048416E+00  0.4257512E+00
  0.8961332E+02  0.4456223E+02  0.2171950E+03  0.5521059E+01  0.9177683E+00  0.3971194E+00
  0.8981838E+02  0.4467757E+02  0.2171172E+03  0.5516157E+01  0.9297892E+00  0.3680956E+00
  0.9002344E+02  0.4479273E+02  0.2170393E+03  0.5511213E+01  0.9408926E+00  0.3387086E+00
  0.9022851E+02  0.4490765E+02  0.2169614E+03  0.5506231E+01  0.9510674E+00  0.3089873E+00
  0.9043357E+02  0.4502226E+02  0.2168834E+03  0.5501212E+01  0.9603036E+00  0.2789611E+00
  0.9063864E+02  0.4513650E+02  0.2168054E+03  0.5496160E+01  0.9685922E+00  0.2486596E+00
  0.9084370E+02  0.4525030E+02  0.2167275E+03  0.5491076E+01  0.9759248E+00  0.2181127E+00
  0.9104877E+02  0.4536359E+02  0.2166496E+03  0.5485964E+01  0.9822943E+00  0.1873505E+00
  0.9125383E+02  0.4547631E+02  0.2165718E+03  0.5480826E+01  0.9876945E+00  0.1564035E+00
  0.9145890E+02  0.4558839E+02  0.2164942E+03  0.5475665E+01  0.9921199E+00  0.1253021E+00
  0.9166396E+02  0.4569976E+02  0.2164167E+03  0.5470483E+01  0.9955661E+00  0.9407699E-01
  0.9186903E+02  0.4581036E+02  0.2163394E+03  0.5465284E+01  0.9980299E+00  0.6275908E-01
  0.9207409E+02  0.4592013E+02  0.2162623E+03  0.5460070E+01  0.9995088E+00  0.3137924E-01
  0.9227916E+02  0.4602899E+02  0.2161855E+03  0.5454844E+01  0.1000001E+01 -0.3157326E-04
  0.9248422E+02  0.4613689E+02  0.2161090E+03  0.5449609E+01  0.9995068E+00 -0.3144235E-01
  0.9268929E+02  0.4624375E+02  0.2160329E+03  0.5444367E+01  0.9980259E+00 -0.6282211E-01
  0.9289435E+02  0.4634953E+02  0.2159571E+03  0.5439121E+01  0.9955602E+00 -0.9413986E-01
  0.9309942E+02  0.4645416E+02  0.2158818E+03  0.5433875E+01  0.9921119E+00 -0.1253647E+00
  0.9330448E+02  0.4655757E+02  0.2158069E+03  0.5428631E+01  0.9876846E+00 -0.1564658E+00
  0.9350955E+02  0.4665971E+02  0.2157326E+03  0.5423392E+01  0.9822825E+00 -0.1874126E+00
  0.9371461E+02  0.4676051E+02  0.2156587E+03  0.5418161E+01  0.9759110E+00 -0.2181743E+00
  0.9391968E+02  0.4685993E+02  0.2155855E+03  0.5412941E+01  0.9685765E+00 -0.2487208E+00
  0.9412474E+02  0.4695789E+02  0.2155129E+03  0.5407735E+01  0.9602860E+00 -0.2790218E+00
  0.9432981E+02  0.4705436E+02  0.2154410E+03  0.5402545E+01  0.9510479E+00 -0.3090474E+00
  0.9453487E+02  0.4714926E+02  0.2153698E+03  0.5397374E+01  0.9408712E+00 -0.3387680E+00
  0.9473994E+02  0.4724255E+02  0.2152993E+03  0.5392226E+01  0.9297660E+00 -0.3681544E+00
  0.9494500E+02  0.4733418E+02  0.2152296E+03  0.5387104E+01  0.9177432E+00 -0.3971773E+00
  0.9515006E+02  0.4742409E+02  0.2151608E+03  0.5382009E+01  0.9048147E+00 -0.4258084E+00
  0.9535513E+02  0.4751224E+02  0.2150929E+03  0.5376945E+01  0.8909933E+00 -0.4540192E+00
  0.9556019E+02  0.4759857E+02  0.2150259E+03  0.5371915E+01  0.8762925E+00 -0.4817819E+00
  0.9576526E+02  0.4768305E+02  0.2149599E+03  0.5366921E+01  0.8607270E+00 -0.5090692E+00
  0.9597032E+02  0.4776562E+02  0.2148948E+03  0.5361967E+01  0.8443120E+00 -0.5358541E+00
  0.9617539E+02  0.4784623E+02  0.2148308E+03  0.5357055E+01  0.8270638E+00 -0.5621102E+00
  0.9638045E+02  0.4792486E+02  0.2147679E+03  0.5352187E+01  0.8089994E+00 -0.5878115E+00
  0.9658552E+02  0.4800146E+02  0.2147061E+03  0.5347367E+01  0.7901366E+00 -0.6129327E+00
  0.9679058E+02  0.4807598E+02  0.2146455E+03  0.5342597E+01  0.7704940E+00 -0.6374491E+00
  0.9699565E+02  0.4814840E+02  0.2145860E+03  0.5337879E+01  0.7500911E+00 -0.6613363E+00
  0.9720071E+02  0.4821867E+02  0.2145278E+03  0.5333217E+01  0.7289479E+00 -0.6845709E+00
  0.9740578E+02  0.4828677E+02  0.2144708E+03  0.5328613E+01  0.7070853E+00 -0.7071300E+00
  0.9761084E+02  0.4835266E+02  0.2144151E+03  0.5324069E+01  0.6845249E+00 -0.7289911E+00
  0.9781591E+02  0.4841631E+02  0.2143607E+03  0.5319587E+01  0.6612890E+00 -0.7501329E+00
  0.9802097E+02  0.4847770E+02  0.2143077E+03  0.5315171E+01  0.6374004E+00 -0.7705343E+00
  0.9822604E+02  0.4853679E+02  0.2142560E+03  0.5310822E+01  0.6128828E+00 -0.7901753E+00
  0.9843110E+02  0.4859357E+02  0.2142057E+03  0.5306543E+01  0.5877604E+00 -0.8090365E+00
  0.9863617E+02  0.4864802E+02  0.2141568E+03  0.5302336E+01  0.5620579E+00 -0.8270993E+00
  0.9884123E+02  0.4870010E+02  0.2141093E+03  0.5298203E+01  0.5358008E+00 -0.8443459E+00
  0.9904630E+02  0.4874982E+02  0.2140633E+03  0.5294146E+01  0.5090149E+00 -0.8607591E+00
  0.9925136E+02  0.4879714E+02  0.2140187E+03  0.5290168E+01  0.4817266E+00 -0.8763229E+00
  0.9945643E+02  0.4884206E+02  0.2139756E+03  0.5286270E+01  0.4539629E+00 -0.8910219E+00
  0.9966149E+02  0.4888457E+02  0.2139340E+03  0.5282454E+01  0.4257512E+00 -0.9048416E+00
  0.9986655E+02  0.4892466E+02  0.2138938E+03  0.5278722E+01  0.3971194E+00 -0.9177683E+00
  0.1000716E+03  0.4896232E+02  0.2138552E+03  0.5275077E+01  0.3680956E+00 -0.9297892E+00
  0.1002767E+03  0.4899755E+02  0.2138180E+03  0.5271518E+01  0.3387086E+00 -0.9408926E+00
  0.1004817E+03  0.4903034E+02  0.2137823E+03  0.5268050E+01  0.3089873E+00 -0.9510674E+00
  0.1006868E+03  0.4906070E+02  0.2137481E+03  0.5264671E+01  0.2789611E+00 -0.9603036E+00
  0.1008919E+03  0.4908862E+02  0.2137154E+03  0.5261386E+01  0.2486596E+00 -0.9685922E+00
  0.1010969E+03  0.4911412E+02  0.2136841E+03  0.5258193E+01  0.2181127E+00 -0.9759248E+00
  0.1013020E+03  0.4913720E+02  0.2136543E+03  0.5255096E+01  0.1873505E+00 -0.9822943E+00
  0.1015071E+03  0.4915787E+02  0.2136260E+03  0.5252095E+01  0.1564035E+00 -0.9876945E+00
  0.1017121E+03  0.4917614E+02  0.2135990E+03  0.5249192E+01  0.1253021E+00 -0.9921199E+00
  0.1019172E+03  0.4919203E+02  0.2135735E+03  0.5246387E+01  0.9407699E-01 -0.9955661E+00
  0.1021223E+03  0.4920555E+02  0.2135494E+03  0.5243681E+01  0.6275908E-01 -0.9980299E+00
  0.1023273E+03  0.4921672E+02  0.2135266E+03  0.5241076E+01  0.3137924E-01 -0.9995088E+00
  0.1025324E+03  0.4922557E+02  0.2135051E+03  0.5238571E+01 -0.3157351E-04 -0.1000001E+01
  0.1027375E+03  0.4923212E+02  0.2134849E+03  0.5236169E+01 -0.3144235E-01 -0.9995068E+00
  0.1029425E+03  0.4923638E+02  0.2134660E+03  0.5233869E+01 -0.6282211E-01 -0.9980259E+00
  0.1031476E+03  0.4923840E+02  0.2134483E+03  0.5231672E+01 -0.9413986E-01 -0.9955602E+00
  0.1033527E+03  0.4923820E+02  0.2134318E+03  0.5229578E+01 -0.1253647E+00 -0.9921119E+00
  0.1035577E+03  0.4923582E+02  0.2134164E+03  0.5227588E+01 -0.1564658E+00 -0.9876846E+00
  0.1037628E+03  0.4923128E+02  0.2134021E+03  0.5225702E+01 -0.1874126E+00 -0.9822825E+00
  0.1039679E+03  0.4922464E+02  0.2133889E+03  0.5223920E+01 -0.2181743E+00 -0.9759110E+00
  0.1041729E+03  0.4921591E+02  0.2133767E+03  0.5222242E+01 -0.2487208E+00 -0.9685765E+00
  0.1043780E+03  0.4920516E+02  0.2133654E+03  0.5220668E+01 -0.2790218E+00 -0.9602860E+00
  0.1045830E+03  0.4919242E+02  0.2133550E+03  0.5219198E+01 -0.3090474E+00 -0.9510479E+00
  0.1047881E+03  0.4917774E+02  0.2133455E+03  0.5217831E+01 -0.3387680E+00 -0.9408712E+00
  0.1049932E+03  0.4916116E+02  0.2133368E+03  0.5216567E+01 -0.3681544E+00 -0.9297660E+00
  0.1051982E+03  0.4914275E+02  0.2133288E+03  0.5215407E+01 -0.3971773E+00 -0.9177432E+00
  0.1054033E+03  0.4912253E+02  0.2133215E+03  0.5214348E+01 -0.4258084E+00 -0.9048147E+00
  0.1056084E+03  0.4910058E+02  0.2133148E+03  0.5213391E+01 -0.4540192E+00 -0.8909933E+00
  0.1058134E+03  0.4907695E+02  0.2133087E+03  0.5212535E+01 -0.4817819E+00 -0.8762925E+00
  0.1060185E+03  0.4905169E+02  0.2133030E+03  0.5211778E+01 -0.5090692E+00 -0.8607270E+00
  0.1062236E+03  0.4902487E+02  0.2132978E+03  0.5211120E+01 -0.5358541E+00 -0.8443120E+00
  0.1064286E+03  0.4899655E+02  0.2132929E+03  0.5210561E+01 -0.5621102E+00 -0.8270638E+00
  0.1066337E+03  0.4896678E+02  0.2132884E+03  0.5210097E+01 -0.5878115E+00 -0.8089994E+00
  0.1068388E+03  0.4893563E+02  0.2132840E+03  0.5209730E+01 -0.6129327E+00 -0.7901366E+00
  0.1070438E+03  0.4890318E+02  0.2132799E+03  0.5209456E+01 -0.6374491E+00 -0.7704940E+00
  0.1072489E+03  0.4886947E+02  0.2132758E+03  0.5209275E+01 -0.6613363E+00 -0.7500911E+00
  0.1074540E+03  0.4883460E+02  0.2132717E+03  0.5209185E+01 -0.6845709E+00 -0.7289479E+00
  0.1076590E+03  0.4879862E+02  0.2132676E+03  0.5209184E+01 -0.7071300E+00 -0.7070853E+00
  0.1078641E+03  0.4876160E+02  0.2132634E+03  0.5209271E+01 -0.7289911E+00 -0.6845249E+00
  0.1080691E+03  0.4872363E+02  0.2132590E+03  0.5209444E+01 -0.7501329E+00 -0.6612890E+00
  0.1082742E+03  0.4868476E+02  0.2132544E+03  0.5209701E+01 -0.7705343E+00 -0.6374004E+00
  0.1084793E+03  0.4864509E+02  0.2132495E+03  0.5210040E+01 -0.7901753E+00 -0.6128828E+00
  0.1086843E+03  0.4860467E+02  0.2132442E+03  0.5210459E+01 -0.8090365E+00 -0.5877604E+00
  0.1088894E+03  0.4856360E+02  0.2132384E+03  0.5210955E+01 -0.8270993E+00 -0.5620579E+00
  0.1090945E+03  0.4852194E+02  0.2132322E+03  0.5211527E+01 -0.8443459E+00 -0.5358008E+00
  0.1092995E+03  0.4847977E+02  0.2132253E+03  0.5212173E+01 -0.8607591E+00 -0.5090149E+00
  0.1095046E+03  0.4843718E+02  0.2132179E+03  0.5212889E+01 -0.8763229E+00 -0.4817266E+00
  0.1097097E+03  0.4839424E+02  0.2132097E+03  0.5213673E+01 -0.8910219E+00 -0.4539629E+00
  0.1099147E+03  0.4835103E+02  0.2132008E+03  0.5214523E+01 -0.9048416E+00 -0.4257512E+00
  0.1101198E+03  0.4830763E+02  0.2131910E+03  0.5215436E+01 -0.9177683E+00 -0.3971194E+00
  0.1103249E+03  0.4826413E+02  0.2131804E+03  0.5216410E+01 -0.9297892E+00 -0.3680956E+00
  0.1105299E+03  0.4822060E+02  0.2131689E+03  0.5217442E+01 -0.9408926E+00 -0.3387086E+00
  0.1107350E+03  0.4817712E+02  0.2131563E+03  0.5218528E+01 -0.9510674E+00 -0.3089873E+00
  0.1109401E+03  0.4813377E+02  0.2131428E+03  0.5219667E+01 -0.9603036E+00 -0.2789611E+00
  0.1111451E+03  0.4809064E+02  0.2131281E+03  0.5220855E+01 -0.9685922E+00 -0.2486596E+00
  0.1113502E+03  0.4804781E+02  0.2131123E+03  0.5222089E+01 -0.9759248E+00 -0.2181127E+00
  0.1115552E+03  0.4800534E+02  0.2130953E+03  0.5223366E+01 -0.9822943E+00 -0.1873505E+00
  0.1117603E+03  0.4796334E+02  0.2130770E+03  0.5224683E+01 -0.9876945E+00 -0.1564035E+00
  0.1119654E+03  0.4792186E+02  0.2130575E+03  0.5226037E+01 -0.9921199E+00 -0.1253021E+00
  0.1121704E+03  0.4788101E+02  0.2130366E+03  0.5227425E+01 -0.9955661E+00 -0.9407699E-01
  0.1123755E+03  0.4784084E+02  0.2130144E+03  0.5228844E+01 -0.9980299E+00 -0.6275908E-01
  0.1125806E+03  0.4780144E+02  0.2129908E+03  0.5230290E+01 -0.9995088E+00 -0.3137924E-01
  0.1127856E+03  0.4776289E+02  0.2129657E+03  0.5231760E+01 -0.1000001E+01  0.3157377E-04
  0.1129907E+03  0.4772525E+02  0.2129391E+03  0.5233251E+01 -0.9995068E+00  0.3144236E-01
  0.1131958E+03  0.4768862E+02  0.2129111E+03  0.5234760E+01 -0.9980259E+00  0.6282211E-01
  0.1134008E+03  0.4765306E+02  0.2128815E+03  0.5236282E+01 -0.9955602E+00  0.9413986E-01
  0.1136059E+03  0.4761864E+02  0.2128503E+03  0.5237816E+01 -0.9921119E+00  0.1253647E+00
  0.1138110E+03  0.4758544E+02  0.2128175E+03  0.5239357E+01 -0.9876846E+00  0.1564658E+00
  0.1140160E+03  0.4755353E+02  0.2127831E+03  0.5240903E+01 -0.9822825E+00  0.1874126E+00
  0.1142211E+03  0.4752297E+02  0.2127471E+03  0.5242449E+01 -0.9759110E+00  0.2181743E+00
  0.1144262E+03  0.4749384E+02  0.2127094E+03  0.5243993E+01 -0.9685765E+00  0.2487208E+00
  0.1146312E+03  0.4746621E+02  0.2126700E+03  0.5245530E+01 -0.9602860E+00  0.2790218E+00
  0.1148363E+03  0.4744012E+02  0.2126289E+03  0.5247059E+01 -0.9510479E+00  0.3090474E+00
  0.1150413E+03  0.4741566E+02  0.2125861E+03  0.5248574E+01 -0.9408712E+00  0.3387680E+00
  0.1152464E+03  0.4739289E+02  0.2125416E+03  0.5250074E+01 -0.9297660E+00  0.3681544E+00
  0.1154515E+03  0.4737185E+02  0.2124953E+03  0.5251554E+01 -0.9177432E+00  0.3971773E+00
  0.1156565E+03  0.4735261E+02  0.2124473E+03  0.5253011E+01 -0.9048147E+00  0.4258084E+00
  0.1158616E+03  0.4733524E+02  0.2123976E+03  0.5254442E+01 -0.8909933E+00  0.4540192E+00
  0.1160667E+03  0.4731977E+02  0.2123461E+03  0.5255844E+01 -0.8762925E+00  0.4817819E+00
  0.1162717E+03  0.4730628E+02  0.2122928E+03  0.5257214E+01 -0.8607270E+00  0.5090692E+00
  0.1164768E+03  0.4729479E+02  0.2122378E+03  0.5258548E+01 -0.8443120E+00  0.5358541E+00
  0.1166819E+03  0.4728538E+02  0.2121810E+03  0.5259842E+01 -0.8270638E+00  0.5621102E+00
  0.1168869E+03  0.4727807E+02  0.2121224E+03  0.5261095E+01 -0.8089994E+00  0.5878115E+00
  0.1170920E+03  0.4727293E+02  0.2120621E+03  0.5262302E+01 -0.7901366E+00  0.6129327E+00
  0.1172971E+03  0.4726998E+02  0.2120000E+03  0.5263461E+01 -0.7704940E+00  0.6374491E+00
  0.1175021E+03  0.4726927E+02  0.2119362E+03  0.5264569E+01 -0.7500911E+00  0.6613363E+00
  0.1177072E+03  0.4727084E+02  0.2118706E+03  0.5265623E+01 -0.7289479E+00  0.6845709E+00
  0.1179123E+03  0.4727472E+02  0.2118033E+03  0.5266619E+01 -0.7070853E+00  0.7071300E+00
  0.1181173E+03  0.4728095E+02  0.2117343E+03  0.5267555E+01 -0.6845249E+00  0.7289911E+00
  0.1183224E+03  0.4728956E+02  0.2116636E+03  0.5268429E+01 -0.6612890E+00  0.7501329E+00
  0.1185275E+03  0.4730057E+02  0.2115911E+03  0.5269237E+01 -0.6374004E+00  0.7705343E+00
  0.1187325E+03  0.4731402E+02  0.2115170E+03  0.5269977E+01 -0.6128828E+00  0.7901753E+00
  0.1189376E+03  0.4732993E+02  0.2114412E+03  0.5270646E+01 -0.5877604E+00  0.8090365E+00
  0.1191426E+03  0.4734831E+02  0.2113637E+03  0.5271242E+01 -0.5620579E+00  0.8270993E+00
  0.1193477E+03  0.4736920E+02  0.2112846E+03  0.5271762E+01 -0.5358008E+00  0.8443459E+00
  0.1195528E+03  0.4739260E+02  0.2112038E+03  0.5272204E+01 -0.5090149E+00  0.8607591E+00
  0.1197578E+03  0.4741853E+02  0.2111215E+03  0.5272565E+01 -0.4817266E+00  0.8763229E+00
  0.1199629E+03  0.4744700E+02  0.2110375E+03  0.5272844E+01 -0.4539629E+00  0.8910219E+00
  0.1201680E+03  0.4747803E+02  0.2109520E+03  0.5273037E+01 -0.4257512E+00  0.9048416E+00
  0.1203730E+03  0.4751161E+02  0.2108649E+03  0.5273144E+01 -0.3971194E+00  0.9177683E+00
  0.1205781E+03  0.4754776E+02  0.2107762E+03  0.5273162E+01 -0.3680956E+00  0.9297892E+00
  0.1207832E+03  0.4758647E+02  0.2106861E+03  0.5273090E+01 -0.3387086E+00  0.9408926E+00
  0.1209882E+03  0.4762774E+02  0.2105945E+03  0.5272924E+01 -0.3089873E+00  0.9510674E+00
  0.1211933E+03  0.4767158E+02  0.2105014E+03  0.5272665E+01 -0.2789611E+00  0.9603036E+00
  0.1213984E+03  0.4771798E+02  0.2104068E+03  0.5272309E+01 -0.2486596E+00  0.9685922E+00
  0.1216034E+03  0.4776693E+02  0.2103109E+03  0.5271856E+01 -0.2181127E+00  0.9759248E+00
  0.1218085E+03  0.4781841E+02  0.2102135E+03  0.5271305E+01 -0.1873505E+00  0.9822943E+00
  0.1220136E+03  0.4787242E+02  0.2101148E+03  0.5270653E+01 -0.1564035E+00  0.9876945E+00
  0.1222186E+03  0.4792895E+02  0.2100147E+03  0.5269899E+01 -0.1253021E+00  0.9921199E+00
  0.1224237E+03  0.4798797E+02  0.2099134E+03  0.5269043E+01 -0.9407699E-01  0.9955661E+00
  0.1226287E+03  0.4804947E+02  0.2098107E+03  0.5268084E+01 -0.6275908E-01  0.9980299E+00
  0.1228338E+03  0.4811342E+02  0.2097068E+03  0.5267020E+01 -0.3137924E-01  0.9995088E+00
  0.1230389E+03  0.4817979E+02  0.2096017E+03  0.5265850E+01  0.3157403E-04  0.1000001E+01
