-8e+05 -1.92509063634212
-799000 -2.07144098754856
-798000 -2.01465355880964
-797000 -1.74714021469589
-796000 -1.28214954624157
-795000 -0.652935885447085
-794000 0.0896916721166459
-793000 0.881514893215938
-792000 1.65070517990758
-791000 2.32495850168732
-790000 2.83929028655374
-789000 3.14350034867443
-788000 3.20818154754248
-787000 3.02826870032491
-786000 2.62350399800222
-785000 2.03574249856756
-784000 1.32358955637049
-783000 0.55529826569459
-782000 -0.198947462223830
-781000 -0.874305069236908
-780000 -1.41731224093932
-779000 -1.79026107088138
-778000 -1.97379255308884
-777000 -1.9677854835261
-776000 -1.79065983858305
-775000 -1.47717340774961
-774000 -1.07475772419572
-773000 -0.638501900167264
-772000 -0.225083034387633
-771000 0.113783753517662
-770000 0.337548063861605
-769000 0.421738239955429
-768000 0.360754378538504
-767000 0.168043934243056
-766000 -0.126355953811785
-765000 -0.48043736055201
-764000 -0.846172362303747
-763000 -1.17582529194525
-762000 -1.42773578021091
-761000 -1.57091409263187
-760000 -1.58807176278634
-759000 -1.47695181104624
-758000 -1.24998315737185
-757000 -0.932377668862256
-756000 -0.558863361183785
-755000 -0.169348265990326
-754000 0.196052573739573
-753000 0.502051594427572
-752000 0.722621198709691
-751000 0.844184386995865
-750000 0.867083051045009
-749000 0.805114788413655
-748000 0.683247753512604
-747000 0.533907975239614
-746000 0.392417854239333
-745000 0.292218767656915
-744000 0.260449634418876
-743000 0.31432455684982
-742000 0.458613220816757
-741000 0.684418807416415
-740000 0.96937907589747
-739000 1.27936383302995
-738000 1.57166520984771
-737000 1.79954081187197
-736000 1.91776688065451
-735000 1.88862183241961
-734000 1.68751735233922
-733000 1.30740535910636
-732000 0.761177411782904
-731000 0.0815534673034818
-730000 -0.681619475650831
-729000 -1.46627643802398
-728000 -2.20449774419418
-727000 -2.82939822018046
-726000 -3.28167307808909
-725000 -3.51517441137799
-724000 -3.50120012384441
-723000 -3.23141302614751
-722000 -2.71938200148233
-721000 -2.00065222367087
-720000 -1.13110409695231
-719000 -0.183295308224428
-718000 0.759384189157932
-717000 1.61055028264175
-716000 2.28995547977223
-715000 2.73273458279367
-714000 2.8973261718049
-713000 2.77071067885579
-712000 2.37003827378224
-711000 1.74039632357246
-710000 0.949197883310868
-709000 0.0782568648973084
-708000 -0.785096365367482
-707000 -1.55656250648569
-706000 -2.16213095038213
-705000 -2.54358283223727
-704000 -2.66223591757659
-703000 -2.50121669726269
-702000 -2.06659054086345
-701000 -1.38750580776351
-7e+05 -0.515219239020591
-699000 0.479380094857824
-698000 1.51019922468802
-697000 2.48257786564045
-696000 3.30194499180529
-695000 3.88372854153412
-694000 4.16322011329643
-693000 4.10380493059055
-692000 3.70205058253487
-691000 2.98863062560063
-690000 2.02483631777915
-689000 0.895293897449717
-688000 -0.301788828639354
-687000 -1.46517251554590
-686000 -2.50034582084361
-685000 -3.32736643159047
-684000 -3.88630042850005
-683000 -4.14037166682672
-682000 -4.07728285837586
-681000 -3.70919481619809
-680000 -3.07161011454588
-679000 -2.22107175451362
-678000 -1.23135953514276
-677000 -0.187895624676535
-676000 0.819612718792097
-675000 1.70576139898409
-674000 2.39823521095230
-673000 2.84545999228350
-672000 3.02182966654515
-671000 2.92960676533404
-670000 2.59722747326334
-669000 2.07443120562668
-668000 1.42518664170703
-667000 0.719666338286242
-666000 0.0264934954273012
-665000 -0.593792593032403
-664000 -1.09350812591877
-663000 -1.44068158749895
-662000 -1.62012706715419
-661000 -1.63300211826285
-660000 -1.49513322436533
-659000 -1.23434892329708
-658000 -0.887027817156066
-657000 -0.494088759415449
-656000 -0.0967253109859315
-655000 0.267719046410135
-654000 0.569277475155441
-653000 0.787849042080672
-652000 0.914328085806814
-651000 0.950249622008235
-650000 0.90606292547817
-649000 0.798363544657845
-648000 0.646566141700377
-647000 0.469560712419202
-646000 0.282862670695559
-645000 0.096662209960146
-644000 -0.0849728004035674
-643000 -0.263659359670754
-642000 -0.445124580057217
-641000 -0.636760662735499
-640000 -0.844720806023875
-639000 -1.07106142398072
-638000 -1.31145312203609
-637000 -1.55390532001382
-636000 -1.77878277809555
-635000 -1.96017062099933
-634000 -2.06842203399709
-633000 -2.07355404115138
-632000 -1.94907381607439
-631000 -1.67581766403958
-630000 -1.2454325568833
-629000 -0.663179428666499
-628000 0.0502441097583101
-627000 0.858175470414397
-626000 1.70907120692149
-625000 2.53946079414023
-624000 3.27885242927857
-623000 3.85637304581424
-622000 4.20854340027548
-621000 4.28722192924531
-620000 4.06651785613566
-619000 3.54747732212203
-618000 2.75962985618995
-617000 1.75900624728217
-616000 0.622882100757143
-615000 -0.557905110280908
-614000 -1.68783898703623
-613000 -2.67552135115086
-612000 -3.44136055968987
-611000 -3.92360405520911
-610000 -4.08266929583323
-609000 -3.90405252582724
-608000 -3.4001132875988
-607000 -2.61074712989192
-606000 -1.60252186937164
-605000 -0.465515207402110
-604000 0.69290052694373
-603000 1.75760454925574
-602000 2.61801686525583
-601000 3.1815616727052
-6e+05 3.38601378793066
-599000 3.20829520439701
-598000 2.6678550181212
-597000 1.82390721508155
-596000 0.767166585727135
-595000 -0.392121197358715
-594000 -1.53746443140273
-593000 -2.55843826343297
-592000 -3.36042754367625
-591000 -3.87117085967416
-590000 -4.04436179460901
-589000 -3.86107953263227
-588000 -3.32986040853667
-587000 -2.4858726550941
-586000 -1.38914584644858
-585000 -0.121400073968154
-584000 1.21908232558240
-583000 2.52483251847081
-582000 3.6885556325778
-581000 4.61356786358310
-580000 5.22389333563539
-579000 5.47241632709348
-578000 5.34569922168361
-577000 4.86464788604015
-576000 4.08098076691700
-575000 3.07022669162042
-574000 1.92254096931594
-573000 0.732862353367877
-572000 -0.408188745079094
-571000 -1.42166886928912
-570000 -2.24545228264193
-569000 -2.83717098769943
-568000 -3.17529861563678
-567000 -3.25882906430105
-566000 -3.10591099186637
-565000 -2.75160415403247
-564000 -2.24474207439402
-563000 -1.64381993490364
-562000 -1.01192452856683
-561000 -0.410959750972276
-560000 0.104292051997004
-559000 0.49151398152941
-558000 0.724796504068953
-557000 0.796536287618642
-556000 0.716998813383277
-555000 0.511683882871807
-554000 0.217025073121604
-553000 -0.124798842867576
-552000 -0.471109332729306
-551000 -0.783322676318097
-550000 -1.03041958827571
-549000 -1.19107673311913
-548000 -1.25446809462831
-547000 -1.21989261317880
-546000 -1.09546183832141
-545000 -0.896110099508278
-544000 -0.641195784417646
-543000 -0.351961897491973
-542000 -0.0491193092267146
-541000 0.249200949212426
-540000 0.52891932694835
-539000 0.780762461735749
-538000 1.00024863989143
-537000 1.18695068677376
-536000 1.34317747083584
-535000 1.47229175621572
-534000 1.57693088822502
-533000 1.65741217422125
-532000 1.71058618462997
-531000 1.72935221986356
-530000 1.70297581600015
-529000 1.61825177077921
-528000 1.46144051617578
-527000 1.22077757612453
-526000 0.88923118178509
-525000 0.467087840869451
-524000 -0.0360893931929169
-523000 -0.6005354690038
-522000 -1.19665649211761
-521000 -1.78676030497633
-520000 -2.32797769190424
-519000 -2.77602274720298
-518000 -3.08934470979795
-517000 -3.23322998667186
-516000 -3.18349545822658
-515000 -2.92951669929358
-514000 -2.47640025236387
-513000 -1.84610953986121
-512000 -1.07730829718559
-511000 -0.223653721049804
-510000 0.649672794783602
-509000 1.47121816589182
-508000 2.1699946546273
-507000 2.68302586863556
-506000 2.96270668139609
-505000 2.98283797770723
-504000 2.74230441281959
-503000 2.26572345163596
-502000 1.60092736230815
-501000 0.813708904210787
-5e+05 -0.0192855234200998
-499000 -0.818410057857203
-498000 -1.50856673257936
-497000 -2.02566887066221
-496000 -2.32162963640087
-495000 -2.36783609227981
-494000 -2.1572659378758
-493000 -1.70539660540988
-492000 -1.04988366139315
-491000 -0.248762095197337
-490000 0.62320351399364
-489000 1.48030663630531
-488000 2.233769899505
-487000 2.80111805284732
-486000 3.11591745613619
-485000 3.13636696286661
-484000 2.85118700540243
-483000 2.28162497690821
-482000 1.47910768019497
-481000 0.518935785464179
-480000 -0.508819568295438
-479000 -1.50961414366572
-478000 -2.39430774660997
-477000 -3.08738912212321
-476000 -3.53291498212651
-475000 -3.69810592977815
-474000 -3.57489620318395
-473000 -3.17978688683473
-472000 -2.55217316070636
-471000 -1.75108257722903
-470000 -0.850167223529171
-469000 0.0690484454365272
-468000 0.925273075237597
-467000 1.64604484183996
-466000 2.17560686873543
-465000 2.48078784059086
-464000 2.55389670804248
-463000 2.41219462252759
-462000 2.09416563586091
-461000 1.65337781150569
-460000 1.15106195702510
-459000 0.648580980078159
-458000 0.200760284461649
-457000 -0.149292885299465
-456000 -0.373608439041946
-455000 -0.461006777768055
-454000 -0.417122754144399
-453000 -0.26296757706411
-452000 -0.0321788140007877
-451000 0.232886727568598
-450000 0.485989906898461
-449000 0.682405999536476
-448000 0.784341188536664
-447000 0.765700594324395
-446000 0.615522019559869
-445000 0.339521341231371
-444000 -0.040532245384661
-443000 -0.489537821296978
-442000 -0.963458923788484
-441000 -1.41471885222175
-440000 -1.79781972271447
-439000 -2.07446804828317
-438000 -2.21765917533169
-437000 -2.21437986535302
-436000 -2.06676733842566
-435000 -1.79168700971763
-434000 -1.41877785040126
-433000 -0.987107253355264
-432000 -0.540711103398221
-431000 -0.123466571164721
-430000 0.226091027305962
-429000 0.479308477540208
-428000 0.620657596355094
-427000 0.649215595605694
-426000 0.578212581848599
-425000 0.432800522627691
-424000 0.246468987555385
-423000 0.0566899907080453
-422000 -0.0996018854374208
-421000 -0.190174719442941
-420000 -0.190938111708732
-419000 -0.0884369518021334
-418000 0.118701184707377
-417000 0.419399029494071
-416000 0.790848272195138
-415000 1.20030063958911
-414000 1.60787902055603
-413000 1.97027560744416
-412000 2.24508085387235
-411000 2.39534478559563
-410000 2.39385374032885
-409000 2.22655815311346
-408000 1.89464361566841
-407000 1.4149034030531
-406000 0.818318985638861
-405000 0.147032358973645
-404000 -0.549864410814536
-403000 -1.22114732091857
-402000 -1.81828230889095
-401000 -2.29973104254639
-4e+05 -2.63437636534056
-399000 -2.80387172181145
-398000 -2.8038487557422
-397000 -2.64398445553104
-396000 -2.34694612922043
-395000 -1.94623950387236
-394000 -1.48302845691006
-393000 -1.00210027045622
-392000 -0.547306839113752
-391000 -0.156972794389445
-390000 0.140138464835572
-389000 0.327723866608575
-388000 0.403273904850929
-387000 0.377659602078749
-386000 0.273084551932716
-385000 0.119770820220894
-384000 -0.0480899302461459
-383000 -0.196546978263269
-382000 -0.295755804888624
-381000 -0.323123901794007
-380000 -0.265512001397167
-379000 -0.120391159190095
-378000 0.104058915321306
-377000 0.38987371454056
-376000 0.711173912433653
-375000 1.03685381653373
-374000 1.33388457403487
-373000 1.57093428754875
-372000 1.72191959100908
-371000 1.76905615555086
-370000 1.70499814899574
-369000 1.53375890488468
-368000 1.27027160875742
-367000 0.938644236675924
-366000 0.569344720924041
-365000 0.195684256671811
-364000 -0.149970863220483
-363000 -0.439834198516347
-362000 -0.653810387144492
-361000 -0.781786277162619
-360000 -0.824875942567513
-359000 -0.795453083519774
-358000 -0.715867064373192
-357000 -0.615832848461248
-356000 -0.52863473558127
-355000 -0.486488752617396
-354000 -0.51563043530332
-353000 -0.631862160390066
-352000 -0.83732857241994
-351000 -1.11914189527515
-350000 -1.45016409856899
-349000 -1.79184944676454
-348000 -2.09867749900848
-347000 -2.32347212409206
-346000 -2.42285944560248
-345000 -2.36224334432950
-344000 -2.11988718128917
-343000 -1.68988313576617
-342000 -1.08389455578499
-341000 -0.331560610099079
-340000 0.520595184455385
-339000 1.41192913630450
-338000 2.27220570656117
-337000 3.02776230745171
-336000 3.60885930368025
-335000 3.95741963010815
-334000 4.03410889835327
-333000 3.82364619421835
-332000 3.33742372505381
-331000 2.61293326574557
-330000 1.71005485551006
-329000 0.704812478211806
-328000 -0.318404819625417
-327000 -1.27501675606006
-326000 -2.08780861573191
-325000 -2.69318821936806
-324000 -3.04586198585325
-323000 -3.12197495960362
-322000 -2.92089561054068
-321000 -2.46573993771841
-320000 -1.80249244784938
-319000 -0.997349419655567
-318000 -0.131860449717461
-317000 0.704305154082691
-316000 1.42260216357274
-315000 1.94583094915499
-314000 2.21776132282627
-313000 2.21040890837924
-312000 1.92753170596185
-311000 1.40366305867690
-310000 0.698949492504166
-309000 -0.109084542102622
-308000 -0.935223760821429
-307000 -1.69604785242910
-306000 -2.31793954753712
-305000 -2.74293548083887
-304000 -2.93232787830892
-303000 -2.86832217089155
-302000 -2.55418736686133
-301000 -2.01324132254355
-3e+05 -1.28680923677089
-299000 -0.431118648351451
-298000 0.486949164092816
-297000 1.39520972243254
-296000 2.22234016389801
-295000 2.90429373419383
-294000 3.39019930892345
-293000 3.64694083836683
-292000 3.66176059709911
-291000 3.44253770300631
-290000 3.01578109355914
-289000 2.42274562372476
-288000 1.71434442711655
-287000 0.945639597279519
-286000 0.170642593381701
-285000 -0.562017214494151
-284000 -1.21223143612937
-283000 -1.75026585866386
-282000 -2.15741599068925
-281000 -2.42566282999533
-280000 -2.55656974022821
-279000 -2.55965882711823
-278000 -2.45048280989883
-277000 -2.24858501634242
-276000 -1.97552247987801
-275000 -1.65311056249389
-274000 -1.30202193793631
-273000 -0.9408298772247
-272000 -0.585524678384741
-271000 -0.249460757864933
-270000 0.0563753283736283
-269000 0.322933279885417
-268000 0.542677563116529
-267000 0.709330569355244
-266000 0.817884193801309
-265000 0.864912001331922
-264000 0.849136454057587
-263000 0.772137513271752
-262000 0.639043676154876
-261000 0.459032741902535
-260000 0.245489345488739
-259000 0.0157145331946846
-258000 -0.209851543091633
-257000 -0.40886346906866
-256000 -0.558671418432797
-255000 -0.638159736706527
-254000 -0.629676651253023
-253000 -0.52091015336136
-252000 -0.306577650088231
-251000 0.0101905996379900
-250000 0.416894068385431
-249000 0.891268804176866
-248000 1.40162335137363
-247000 1.90807588934481
-246000 2.36482553833805
-245000 2.72349208225254
-244000 2.93740243729105
-243000 2.96650606874348
-242000 2.78239967302836
-241000 2.37278470668923
-240000 1.74462724948718
-239000 0.925384098451994
-238000 -0.0380854510830585
-237000 -1.08292296501253
-236000 -2.13557403433947
-235000 -3.11824053680327
-234000 -3.95558236382437
-233000 -4.58085408106678
-232000 -4.94094151771502
-231000 -5.00011820386768
-230000 -4.74262122638037
-229000 -4.17423689266916
-228000 -3.32296801770377
-227000 -2.23861180564448
-226000 -0.990861884963238
-225000 0.334493502641684
-224000 1.64150031291449
-223000 2.83190048498796
-222000 3.81422852885880
-221000 4.51301860507031
-220000 4.8767923782994
-219000 4.88358691072371
-218000 4.54315192870479
-217000 3.89550740929525
-216000 3.00616994098785
-215000 1.95888571304047
-214000 0.847032773859855
-213000 -0.235085910702933
-212000 -1.20003499817755
-211000 -1.97347932499492
-210000 -2.49864870959645
-209000 -2.73919802728866
-208000 -2.6808281043176
-207000 -2.33201582968100
-206000 -1.72398560925251
-205000 -0.909736976327136
-204000 0.0383271212620601
-203000 1.03270448772681
-202000 1.9773607271602
-201000 2.77641633687474
-2e+05 3.34418412673302
-199000 3.6152030825736
-198000 3.55258774102278
-197000 3.15309725770011
-196000 2.44785586430410
-195000 1.49850658031696
-194000 0.389514243510239
-193000 -0.78192458347447
-192000 -1.91657243276851
-191000 -2.92279352011201
-190000 -3.72402662295324
-189000 -4.26366130771776
-188000 -4.50750314010037
-187000 -4.44436103997705
-186000 -4.08531867878664
-185000 -3.46204199254047
-184000 -2.62419013923014
-183000 -1.63580597859503
-182000 -0.57056694011019
-181000 0.494019915164291
-180000 1.48308142531679
-179000 2.33081176754879
-178000 2.98603809355555
-177000 3.41613807812206
-176000 3.60878287177676
-175000 3.57135609978804
-174000 3.32829559148158
-173000 2.91692038202347
-172000 2.38247658651907
-171000 1.77314490613109
-170000 1.13562624876868
-169000 0.511714066614907
-168000 -0.063966935706101
-167000 -0.56507655011423
-166000 -0.973693494888875
-165000 -1.27971229007940
-164000 -1.47977113655084
-163000 -1.57596551490701
-162000 -1.57456513486843
-161000 -1.48490203271003
-160000 -1.31854026421324
-159000 -1.08877488991723
-158000 -0.810441740022255
-157000 -0.49995387654347
-156000 -0.175423015216402
-155000 0.143315508893233
-154000 0.434966121867442
-153000 0.677488187792594
-152000 0.84935447031728
-151000 0.9313332947482
-150000 0.908641000076049
-149000 0.773182858401186
-148000 0.52551258048602
-147000 0.176124448969863
-146000 -0.254236031633272
-145000 -0.735406474795597
-144000 -1.22975640142963
-143000 -1.69503412802544
-142000 -2.08776799290119
-141000 -2.36683903793173
-140000 -2.49688971458448
-139000 -2.45133521519885
-138000 -2.21485182925276
-137000 -1.78528448294608
-136000 -1.17491868053951
-135000 -0.411006629092025
-134000 0.464641302598303
-133000 1.39723823993575
-132000 2.32198413468182
-131000 3.16848131073715
-130000 3.86643517197133
-129000 4.35218507771607
-128000 4.57534786940954
-127000 4.50469559271476
-126000 4.13238370956097
-125000 3.47581764191071
-124000 2.57677621860228
-123000 1.49784151022942
-122000 0.31662302428812
-121000 -0.881394205398149
-120000 -2.01038961149283
-119000 -2.99121030088445
-118000 -3.75717035044408
-117000 -4.25834073388507
-116000 -4.46436221948441
-115000 -4.36600862569944
-114000 -3.97572018358463
-113000 -3.3271469103213
-112000 -2.47350473251111
-111000 -1.48440490163034
-110000 -0.440889424791902
-109000 0.571282420461395
-108000 1.46958652917764
-107000 2.18296578862474
-106000 2.65912417061726
-105000 2.86971163137182
-104000 2.81257875397715
-103000 2.51083192941812
-102000 2.00901063661145
-101000 1.36717851424095
-1e+05 0.653964625445048
-99000 -0.060415452498179
-98000 -0.710340737251574
-97000 -1.23967448723931
-96000 -1.60520216684831
-95000 -1.77871526807267
-94000 -1.74797336374243
-93000 -1.51678482161709
-92000 -1.10436133126757
-91000 -0.543979080082151
-90000 0.119119176728561
-89000 0.830674127184246
-88000 1.53123936597110
-87000 2.16076990075566
-86000 2.66365897078746
-85000 2.99373635242597
-84000 3.11863626594855
-83000 3.02294895534690
-82000 2.70969838855707
-81000 2.19991845857902
-80000 1.53038359150574
-79000 0.749824301731301
-78000 -0.0858363113594079
-77000 -0.918594613717471
-76000 -1.69322488206358
-75000 -2.36141269954711
-74000 -2.88487914025349
-73000 -3.23739967310996
-72000 -3.40576328209462
-71000 -3.38978860763251
-70000 -3.20152098443312
-69000 -2.86370741892255
-68000 -2.40762549049783
-67000 -1.87035758969030
-66000 -1.29166179107811
-65000 -0.710676904785732
-64000 -0.162776091263559
-63000 0.323086559874591
-62000 0.726231703374091
-61000 1.03511589913788
-60000 1.24715354656080
-59000 1.36761332216254
-58000 1.40783054156988
-57000 1.38304887324670
-56000 1.31021399869539
-55000 1.20599735547152
-54000 1.08524928494626
-53000 0.959989281991893
-52000 0.838954216156249
-51000 0.727653934748667
-50000 0.628831112689866
-49000 0.543187444483477
-48000 0.470219420029737
-47000 0.409005493040747
-46000 0.358807171968241
-45000 0.319389893309558
-44000 0.291025350104834
-43000 0.274191208713527
-42000 0.269030003810171
-41000 0.274666637392937
-40000 0.288513417844760
-39000 0.305709952932786
-38000 0.318847657418052
-37000 0.318110191568577
-36000 0.291917826157999
-35000 0.228094224579843
-34000 0.115482472949250
-33000 -0.0541646365247678
-32000 -0.284286507238332
-31000 -0.571930564605806
-30000 -0.90679965595137
-29000 -1.27117440540885
-28000 -1.64081884035468
-27000 -1.98681188670656
-26000 -2.27809319090233
-25000 -2.48440814209217
-24000 -2.57930447567764
-23000 -2.54286615621538
-22000 -2.36394266443869
-21000 -2.04170922022027
-20000 -1.58645064926041
-19000 -1.01949283365529
-18000 -0.372224935498878
-17000 0.315812879665591
-16000 0.999736763811918
-15000 1.63287821467485
-14000 2.17082225093033
-13000 2.57552793032629
-12000 2.81905236537229
-11000 2.88639140036567
-10000 2.77703188787149
-9000 2.50497560544770
-8000 2.09721460014812
-7000 1.59086664489713
-6000 1.02936618409924
-5000 0.458209409629069
-4000 -0.079243762075706
-3000 -0.545487984957289
-2000 -0.911814946947992
-1000 -1.16031427095151
0 -1.28486818676105
