34.130844 -0.242143368353435 -1.84891315842909
34.2084141 -0.154457768365395 -1.81177256916602
34.2859842 -0.0696897252491588 -1.77368021966492
34.3635543 0.0120835604467486 -1.73453667433034
34.4411244 0.090776414184125 -1.69422693520722
34.5186945 0.166292835093409 -1.65261644627324
34.5962646 0.238525599173708 -1.60952772298541
34.6738347 0.307351448543909 -1.56473893046263
34.7514048 0.37262878273665 -1.51797397542479
34.8289749 0.434190298529986 -1.46884496579558
34.906545 0.491832587744573 -1.41683079165763
34.9841151 0.545306176917891 -1.36121205482951
35.0616852 0.594290430781011 -1.30083154902763
35.1392553 0.638349331345794 -1.23382600103257
35.2168254 0.676851133757154 -1.15679440058207
35.2943955 0.70877845376151 -1.06255749476810
35.3719656 0.732192548633074 -0.932084166792547
35.4495357 0.74212934496818 -0.690669845959329
35.5271058 0.714932715422937 0.287165372185533
35.6046759 0.549317132281642 1.95619622040092
35.682246 0.34515671561029 1.89679247698423
35.7598161 0.146773735825833 1.81700162803351
35.8373862 -0.0451276808354051 1.72933410161793
35.9149563 -0.229838230632950 1.63102244883038
35.9925264 -0.406363269829481 1.5172196874707
36.0700965 -0.573175371090001 1.37824472148783
36.1476666 -0.72754346414027 1.18987777961610
36.2252367 -0.862970758346591 0.859495355341962
36.3028068 -0.948146125206393 -0.48797075110482
36.3803769 -0.87218587471468 -2.0662257043268
36.457947 -0.767222707303262 -2.03728854742840
36.5355171 -0.66477081427121 -2.00414733622282
36.6130872 -0.564915532166837 -1.97038337159766
36.6906573 -0.467702824711569 -1.93595493691351
36.7682274 -0.373187735501142 -1.9008109716303
36.8457975 -0.281429170787834 -1.86489459317088
36.9233676 -0.192488856241056 -1.82814297605057
37.0009377 -0.106434418190302 -1.79047889677796
37.0785078 -0.0233400934664338 -1.75180925897025
37.1560779 0.0567123506595413 -1.71202391861201
37.233648 0.133631738479120 -1.67100230961974
37.3112181 0.207316165472338 -1.62858577506427
37.3887882 0.277649692600401 -1.58457093091373
37.4663583 0.344499233592499 -1.53871056926327
37.5439284 0.407710172484687 -1.49067350132027
37.6214985 0.467095820435895 -1.43999461780965
37.6990686 0.52242878033828 -1.38607068841595
37.7766387 0.573424054521391 -1.32794672054579
37.8542088 0.619702428001644 -1.26414128866651
37.9317789 0.660732884314723 -1.19207575693230
38.009349 0.695702681525306 -1.10668925745573
38.0869191 0.723187978775692 -0.995993621200397
38.1644892 0.74005966826452 -0.821541430013363
38.2420593 0.735647447024682 -0.364586592784371
38.3196294 0.637723740133734 1.7595228368413
38.3971995 0.433896376529304 1.92938842733877
38.4747696 0.232856140104070 1.85278628860338
38.5523397 0.0380420002231855 1.76882539714741
38.6299098 -0.149918441901385 1.67561395805041
38.7074799 -0.330174753775925 1.56939650978416
38.78505 -0.501479852169184 1.44317487509196
