34.130844 -0.723234172935149 0.848181268789428
34.2084141 -0.717287960880333 0.545255596120175
34.2859842 -0.65480405167352 -1.03647343372449
34.3635543 -0.455664496479239 -1.93523100763480
34.4411244 -0.246341660966249 -1.85874519907215
34.5186945 -0.0434132856648305 -1.77197295801051
34.5962646 0.152416102170394 -1.67519921658828
34.6738347 0.340221208717742 -1.56417774003693
34.7514048 0.518621246568252 -1.43076677716758
34.8289749 0.685257525415023 -1.25593348840721
34.906545 0.835020565659332 -0.976069059083648
34.9841151 0.948538720978117 -0.127717919707821
35.0616852 0.915589394830906 2.06085706810357
35.1392553 0.817471800259266 2.05271108672542
35.2168254 0.72147482691848 2.02232228322810
35.2943955 0.627854791958235 1.99146745447045
35.3719656 0.536644912543105 1.96013145259523
35.4495357 0.447884949741709 1.92828471681888
35.5271058 0.361616651440675 1.89589625188226
35.6046759 0.277883279149535 1.86293101328128
35.682246 0.196730840242709 1.82934888897115
35.7598161 0.118208713738645 1.79510486422834
35.8373862 0.0423703980431282 1.76014450044868
35.9149563 -0.0307261923877743 1.72440646628744
35.9925264 -0.101018386183478 1.68782226879208
36.0700965 -0.168437862502162 1.65031026359227
36.1476666 -0.232908448602019 1.61176514372643
36.2252367 -0.294344901274652 1.57205923750821
36.3028068 -0.352651609724151 1.53104725698576
36.3803769 -0.40772075146839 1.48855814765014
36.457947 -0.459428801852531 1.44432324999473
36.5355171 -0.507627494321763 1.3980206328981
36.6130872 -0.552139592763541 1.3491962643676
36.6906573 -0.592747004425444 1.29719890846763
36.7682274 -0.629166667469164 1.24100546239672
36.8457975 -0.661014147487546 1.17895823791063
36.9233676 -0.687729243291696 1.10798150335154
37.0009377 -0.708401838009175 1.02155864439629
37.0785078 -0.721283881543334 0.902389621526314
37.1560779 -0.721901963091067 0.683826278775492
37.233648 -0.689738603392711 -0.160326397511335
37.3112181 -0.525797557729988 -1.93913436095024
37.3887882 -0.314722330431094 -1.88560000334140
37.4663583 -0.109608625196122 -1.80155671970091
37.5439284 0.0886496636399389 -1.70843986149525
37.6214985 0.279226234225415 -1.60275772983441
37.6990686 0.460924616650812 -1.47805331616474
37.7766387 0.631805872913291 -1.32035167802003
37.8542088 0.788060073431915 -1.08928259373191
37.9317789 0.918421800341147 -0.573990632336445
38.009349 0.946111675078915 1.84663892018498
38.0869191 0.849653948205937 2.06252247761663
38.1644892 0.752881694424222 2.03239979903651
38.2420593 0.658473687932547 2.00169789269519
38.3196294 0.5664650410948 1.97052370524532
38.3971995 0.476892225149655 1.93884873550236
38.4747696 0.389797248647778 1.90664276949097
38.5523397 0.305222623237838 1.87387212008537
38.6299098 0.223213599056561 1.84049797679253
38.7074799 0.143818001085327 1.80647801184181
38.78505 0.0670881584971129 1.77176037755206
