34.130844 -0.714698017708147 1.03836410534091
34.2084141 -0.735798360840232 0.894220683521552
34.2859842 -0.74121372748191 0.596315008931858
34.3635543 -0.693403861771326 -0.894322026617075
34.4411244 -0.504487010844098 -1.95152251909722
34.5186945 -0.301453240502212 -1.88000576841404
34.5962646 -0.104430282102707 -1.79866397777926
34.6738347 0.0859738703328516 -1.70896674312530
34.7514048 0.269000516206974 -1.60779981486058
34.8289749 0.443567846010994 -1.48960737103946
34.906545 0.607969212976607 -1.34284702851666
34.9841151 0.759011316710922 -1.13656758491020
35.0616852 0.888293096052476 -0.734078139230607
35.1392553 0.94519536378539 1.27465910827896
35.2168254 0.849146461687487 2.06211582743968
35.2943955 0.744704160248539 2.03012703363645
35.3719656 0.642812708647502 1.99685249354832
35.4495357 0.543526559525886 1.96294745034254
35.5271058 0.446896312514134 1.92836721035786
35.6046759 0.352976289663794 1.89306045468523
35.682246 0.261825074320163 1.85696841950996
35.7598161 0.173506151862005 1.82002323785327
35.8373862 0.0880886892774762 1.78214579159048
35.9149563 0.00564852123766548 1.74324282028254
35.9925264 -0.0737306145265123 1.70320303534929
36.0700965 -0.149955498412546 1.66189171827063
36.1476666 -0.22292130092064 1.61914315505463
36.2252367 -0.292508746642854 1.57474941027227
36.3028068 -0.358580290451348 1.52844354691138
36.3803769 -0.420974561322464 1.47987323620038
36.457947 -0.479498185998032 1.42855745638039
36.5355171 -0.533913108617192 1.37381111187128
36.6130872 -0.583915840197235 1.31460434876124
36.6906573 -0.629103038688782 1.24927925223964
36.7682274 -0.668897355571544 1.17487994384392
36.8457975 -0.702392210861393 1.08541851724602
36.9233676 -0.727937151824393 0.965925453772333
37.0009377 -0.741641724692472 0.76371980281002
37.0785078 -0.728057120389532 0.117230014963446
37.1560779 -0.594495881822718 -1.92464561144918
37.233648 -0.389639286761177 -1.91342534598045
37.3112181 -0.189906601240352 -1.83517069051165
37.3887882 0.00347519124845595 -1.74942571110878
37.4663583 0.189841513792633 -1.65377688681523
37.5439284 0.368274479515482 -1.54397242803048
37.6214985 0.537400095607707 -1.41183114573635
37.6990686 0.694855521886956 -1.23807640888198
37.7766387 0.835474118816665 -0.957451164240188
37.8542088 0.939243757777105 -0.083752265939626
37.9317789 0.895476368303609 2.05758987566617
38.009349 0.790118556870643 2.04449656120956
38.0869191 0.687101699841776 2.01149491516298
38.1644892 0.586668958467007 1.97787093660713
38.2420593 0.488869539004428 1.94359221564855
38.3196294 0.393756071158948 1.90861027776519
38.3971995 0.301385200684612 1.87286979849286
38.4747696 0.211818179591549 1.83630713119903
38.5523397 0.125121581512518 1.79884838448018
38.6299098 0.0413681850024078 1.76040690350907
38.7074799 -0.0393618994474898 1.72087985124214
38.78505 -0.116979833893471 1.68014354743436
