  0.0000000E+00  0.6752279E+00  0.5368734E+00  0.1613683E+00 -0.5331627E-04 -0.1000012E+01
  0.2050000E-01  0.6739985E+00  0.5392067E+00  0.1578045E+00 -0.3146443E-01 -0.9995169E+00
  0.4100000E-01  0.6726353E+00  0.5414784E+00  0.1542624E+00 -0.6284449E-01 -0.9980354E+00
  0.6150000E-01  0.6711402E+00  0.5436875E+00  0.1507515E+00 -0.9416253E-01 -0.9955689E+00
  0.8200000E-01  0.6695146E+00  0.5458328E+00  0.1472834E+00 -0.1253876E+00 -0.9921200E+00
  0.1025000E+00  0.6677603E+00  0.5479130E+00  0.1438724E+00 -0.1564890E+00 -0.9876919E+00
  0.1230000E+00  0.6658788E+00  0.5499273E+00  0.1405372E+00 -0.1874359E+00 -0.9822891E+00
  0.1435000E+00  0.6638714E+00  0.5518744E+00  0.1373029E+00 -0.2181979E+00 -0.9759169E+00
  0.1640000E+00  0.6617392E+00  0.5537536E+00  0.1342052E+00 -0.2487445E+00 -0.9685816E+00
  0.1845000E+00  0.6594824E+00  0.5555637E+00  0.1312992E+00 -0.2790457E+00 -0.9602904E+00
  0.2050000E+00  0.6571005E+00  0.5573039E+00  0.1286759E+00 -0.3090714E+00 -0.9510515E+00
  0.2255000E+00  0.6545908E+00  0.5589732E+00  0.1265053E+00 -0.3387922E+00 -0.9408740E+00
  0.2460000E+00  0.6519465E+00  0.5605705E+00  0.1251574E+00 -0.3681786E+00 -0.9297680E+00
  0.2665000E+00  0.6491499E+00  0.5620948E+00  0.1256125E+00 -0.3972016E+00 -0.9177445E+00
  0.2870000E+00  0.6461549E+00  0.5635443E+00  0.1302466E+00 -0.4258327E+00 -0.9048152E+00
  0.3075000E+00  0.6428801E+00  0.5649163E+00  0.1397123E+00 -0.4540435E+00 -0.8909930E+00
  0.3280000E+00  0.6392710E+00  0.5662067E+00  0.1512396E+00 -0.4818062E+00 -0.8762915E+00
  0.3485000E+00  0.6353146E+00  0.5674112E+00  0.1633113E+00 -0.5090934E+00 -0.8607252E+00
  0.3690000E+00  0.6310148E+00  0.5685254E+00  0.1753904E+00 -0.5358783E+00 -0.8443095E+00
  0.3895000E+00  0.6263819E+00  0.5695450E+00  0.1872597E+00 -0.5621342E+00 -0.8270606E+00
  0.4100000E+00  0.6214288E+00  0.5704661E+00  0.1988214E+00 -0.5878355E+00 -0.8089954E+00
  0.4305000E+00  0.6161695E+00  0.5712852E+00  0.2100306E+00 -0.6129566E+00 -0.7901318E+00
  0.4510000E+00  0.6106185E+00  0.5719987E+00  0.2208695E+00 -0.6374727E+00 -0.7704885E+00
  0.4715000E+00  0.6047907E+00  0.5726038E+00  0.2313344E+00 -0.6613598E+00 -0.7500848E+00
  0.4920000E+00  0.5987007E+00  0.5730977E+00  0.2414302E+00 -0.6845942E+00 -0.7289409E+00
  0.5125000E+00  0.5923630E+00  0.5734779E+00  0.2511669E+00 -0.7071530E+00 -0.7070776E+00
  0.5330000E+00  0.5857919E+00  0.5737424E+00  0.2605572E+00 -0.7290139E+00 -0.6845165E+00
  0.5535000E+00  0.5790012E+00  0.5738892E+00  0.2696158E+00 -0.7501554E+00 -0.6612798E+00
  0.5740000E+00  0.5720047E+00  0.5739167E+00  0.2783585E+00 -0.7705565E+00 -0.6373906E+00
  0.5945000E+00  0.5648157E+00  0.5738236E+00  0.2868014E+00 -0.7901972E+00 -0.6128723E+00
  0.6150000E+00  0.5574472E+00  0.5736087E+00  0.2949609E+00 -0.8090581E+00 -0.5877492E+00
  0.6355000E+00  0.5499117E+00  0.5732712E+00  0.3028532E+00 -0.8271205E+00 -0.5620460E+00
  0.6560000E+00  0.5422218E+00  0.5728105E+00  0.3104945E+00 -0.8443667E+00 -0.5357882E+00
  0.6765000E+00  0.5343892E+00  0.5722261E+00  0.3179004E+00 -0.8607795E+00 -0.5090017E+00
  0.6970000E+00  0.5264257E+00  0.5715179E+00  0.3250863E+00 -0.8763429E+00 -0.4817128E+00
  0.7175000E+00  0.5183426E+00  0.5706856E+00  0.3320669E+00 -0.8910415E+00 -0.4539485E+00
  0.7380000E+00  0.5101511E+00  0.5697297E+00  0.3388567E+00 -0.9048606E+00 -0.4257362E+00
  0.7585000E+00  0.5018617E+00  0.5686503E+00  0.3454694E+00 -0.9177868E+00 -0.3971037E+00
  0.7790000E+00  0.4934849E+00  0.5674481E+00  0.3519184E+00 -0.9298073E+00 -0.3680794E+00
  0.7995000E+00  0.4850310E+00  0.5661236E+00  0.3582164E+00 -0.9409102E+00 -0.3386918E+00
  0.8200000E+00  0.4765097E+00  0.5646778E+00  0.3643755E+00 -0.9510844E+00 -0.3089700E+00
  0.8405000E+00  0.4679306E+00  0.5631117E+00  0.3704077E+00 -0.9603201E+00 -0.2789433E+00
  0.8610000E+00  0.4593032E+00  0.5614263E+00  0.3763238E+00 -0.9686081E+00 -0.2486412E+00
  0.8815000E+00  0.4506363E+00  0.5596230E+00  0.3821348E+00 -0.9759401E+00 -0.2180938E+00
  0.9020000E+00  0.4419390E+00  0.5577032E+00  0.3878506E+00 -0.9823091E+00 -0.1873312E+00
  0.9225000E+00  0.4332197E+00  0.5556684E+00  0.3934810E+00 -0.9877086E+00 -0.1563837E+00
  0.9430000E+00  0.4244867E+00  0.5535202E+00  0.3990352E+00 -0.9921333E+00 -0.1252818E+00
  0.9635000E+00  0.4157481E+00  0.5512605E+00  0.4045219E+00 -0.9955790E+00 -0.9405637E-01
  0.9840000E+00  0.4070119E+00  0.5488910E+00  0.4099492E+00 -0.9980421E+00 -0.6273806E-01
  0.1004500E+01  0.3982855E+00  0.5464137E+00  0.4153252E+00 -0.9995203E+00 -0.3135785E-01
  0.1025000E+01  0.3895765E+00  0.5438307E+00  0.4206571E+00 -0.1000012E+01  0.5331653E-04
  0.1045500E+01  0.3808919E+00  0.5411442E+00  0.4259519E+00 -0.9995169E+00  0.3146443E-01
  0.1066000E+01  0.3722388E+00  0.5383563E+00  0.4312162E+00 -0.9980354E+00  0.6284449E-01
  0.1086500E+01  0.3636239E+00  0.5354694E+00  0.4364562E+00 -0.9955689E+00  0.9416253E-01
  0.1107000E+01  0.3550537E+00  0.5324858E+00  0.4416777E+00 -0.9921200E+00  0.1253876E+00
  0.1127500E+01  0.3465345E+00  0.5294081E+00  0.4468861E+00 -0.9876919E+00  0.1564890E+00
  0.1148000E+01  0.3380725E+00  0.5262386E+00  0.4520865E+00 -0.9822891E+00  0.1874359E+00
  0.1168500E+01  0.3296737E+00  0.5229800E+00  0.4572836E+00 -0.9759169E+00  0.2181979E+00
  0.1189000E+01  0.3213436E+00  0.5196349E+00  0.4624819E+00 -0.9685816E+00  0.2487445E+00
  0.1209500E+01  0.3130879E+00  0.5162060E+00  0.4676853E+00 -0.9602904E+00  0.2790457E+00
  0.1230000E+01  0.3049118E+00  0.5126961E+00  0.4728977E+00 -0.9510515E+00  0.3090714E+00
  0.1250500E+01  0.2968205E+00  0.5091077E+00  0.4781224E+00 -0.9408740E+00  0.3387922E+00
  0.1271000E+01  0.2888190E+00  0.5054439E+00  0.4833627E+00 -0.9297680E+00  0.3681786E+00
  0.1291500E+01  0.2809120E+00  0.5017074E+00  0.4886213E+00 -0.9177445E+00  0.3972016E+00
  0.1312000E+01  0.2731039E+00  0.4979011E+00  0.4939009E+00 -0.9048152E+00  0.4258327E+00
  0.1332500E+01  0.2653994E+00  0.4940279E+00  0.4992039E+00 -0.8909930E+00  0.4540435E+00
  0.1353000E+01  0.2578023E+00  0.4900907E+00  0.5045321E+00 -0.8762915E+00  0.4818062E+00
  0.1373500E+01  0.2503169E+00  0.4860924E+00  0.5098875E+00 -0.8607252E+00  0.5090934E+00
  0.1394000E+01  0.2429469E+00  0.4820361E+00  0.5152715E+00 -0.8443095E+00  0.5358783E+00
  0.1414500E+01  0.2356959E+00  0.4779246E+00  0.5206854E+00 -0.8270606E+00  0.5621342E+00
  0.1435000E+01  0.2285673E+00  0.4737610E+00  0.5261304E+00 -0.8089954E+00  0.5878355E+00
  0.1455500E+01  0.2215645E+00  0.4695482E+00  0.5316073E+00 -0.7901318E+00  0.6129566E+00
  0.1476000E+01  0.2146905E+00  0.4652892E+00  0.5371166E+00 -0.7704885E+00  0.6374727E+00
  0.1496500E+01  0.2079483E+00  0.4609871E+00  0.5426588E+00 -0.7500848E+00  0.6613598E+00
  0.1517000E+01  0.2013404E+00  0.4566448E+00  0.5482340E+00 -0.7289409E+00  0.6845942E+00
  0.1537500E+01  0.1948695E+00  0.4522652E+00  0.5538422E+00 -0.7070776E+00  0.7071530E+00
  0.1558000E+01  0.1885380E+00  0.4478514E+00  0.5594832E+00 -0.6845165E+00  0.7290139E+00
  0.1578500E+01  0.1823480E+00  0.4434064E+00  0.5651565E+00 -0.6612798E+00  0.7501554E+00
  0.1599000E+01  0.1763016E+00  0.4389330E+00  0.5708615E+00 -0.6373906E+00  0.7705565E+00
  0.1619500E+01  0.1704006E+00  0.4344341E+00  0.5765974E+00 -0.6128723E+00  0.7901972E+00
  0.1640000E+01  0.1646467E+00  0.4299128E+00  0.5823630E+00 -0.5877492E+00  0.8090581E+00
  0.1660500E+01  0.1590414E+00  0.4253718E+00  0.5881572E+00 -0.5620460E+00  0.8271205E+00
  0.1681000E+01  0.1535860E+00  0.4208141E+00  0.5939784E+00 -0.5357882E+00  0.8443667E+00
  0.1701500E+01  0.1482818E+00  0.4162425E+00  0.5998252E+00 -0.5090016E+00  0.8607795E+00
  0.1722000E+01  0.1431297E+00  0.4116598E+00  0.6056955E+00 -0.4817128E+00  0.8763429E+00
  0.1742500E+01  0.1381305E+00  0.4070687E+00  0.6115872E+00 -0.4539485E+00  0.8910415E+00
  0.1763000E+01  0.1332851E+00  0.4024719E+00  0.6174981E+00 -0.4257362E+00  0.9048606E+00
  0.1783500E+01  0.1285939E+00  0.3978723E+00  0.6234254E+00 -0.3971037E+00  0.9177868E+00
  0.1804000E+01  0.1240574E+00  0.3932725E+00  0.6293663E+00 -0.3680794E+00  0.9298073E+00
  0.1824500E+01  0.1196757E+00  0.3886750E+00  0.6353176E+00 -0.3386918E+00  0.9409102E+00
  0.1845000E+01  0.1154490E+00  0.3840825E+00  0.6412755E+00 -0.3089700E+00  0.9510844E+00
  0.1865500E+01  0.1113773E+00  0.3794975E+00  0.6472359E+00 -0.2789433E+00  0.9603201E+00
  0.1886000E+01  0.1074605E+00  0.3749226E+00  0.6531943E+00 -0.2486412E+00  0.9686081E+00
  0.1906500E+01  0.1036982E+00  0.3703601E+00  0.6591451E+00 -0.2180938E+00  0.9759401E+00
  0.1927000E+01  0.1000902E+00  0.3658124E+00  0.6650820E+00 -0.1873312E+00  0.9823091E+00
  0.1947500E+01  0.9663602E-01  0.3612820E+00  0.6709974E+00 -0.1563837E+00  0.9877086E+00
  0.1968000E+01  0.9333516E-01  0.3567711E+00  0.6768819E+00 -0.1252818E+00  0.9921333E+00
  0.1988500E+01  0.9018715E-01  0.3522820E+00  0.6827237E+00 -0.9405637E-01  0.9955790E+00
  0.2009000E+01  0.8719154E-01  0.3478169E+00  0.6885070E+00 -0.6273806E-01  0.9980421E+00
  0.2029500E+01  0.8434798E-01  0.3433780E+00  0.6942103E+00 -0.3135785E-01  0.9995203E+00
  0.2050000E+01  0.8165641E-01  0.3389674E+00  0.6998021E+00  0.5331678E-04  0.1000012E+01
  0.2070500E+01  0.7911724E-01  0.3345872E+00  0.7052328E+00  0.3146443E-01  0.9995169E+00
  0.2091000E+01  0.7673181E-01  0.3302395E+00  0.7104169E+00  0.6284449E-01  0.9980354E+00
  0.2111500E+01  0.7450337E-01  0.3259263E+00  0.7151858E+00  0.9416253E-01  0.9955689E+00
  0.2132000E+01  0.7243961E-01  0.3216499E+00  0.7191329E+00  0.1253876E+00  0.9921200E+00
  0.2152500E+01  0.7056118E-01  0.3174124E+00  0.7209483E+00  0.1564890E+00  0.9876919E+00
  0.2173000E+01  0.6893120E-01  0.3132169E+00  0.7171453E+00  0.1874359E+00  0.9822891E+00
  0.2193500E+01  0.6764939E-01  0.3090677E+00  0.7084942E+00  0.2181979E+00  0.9759169E+00
  0.2214000E+01  0.6676027E-01  0.3049703E+00  0.6985263E+00  0.2487445E+00  0.9685816E+00
  0.2234500E+01  0.6626793E-01  0.3009307E+00  0.6883906E+00  0.2790457E+00  0.9602904E+00
  0.2255000E+01  0.6616446E-01  0.2969545E+00  0.6784466E+00  0.3090714E+00  0.9510515E+00
  0.2275500E+01  0.6643784E-01  0.2930471E+00  0.6688336E+00  0.3387922E+00  0.9408740E+00
  0.2296000E+01  0.6707435E-01  0.2892136E+00  0.6596099E+00  0.3681786E+00  0.9297680E+00
  0.2316500E+01  0.6805957E-01  0.2854588E+00  0.6507980E+00  0.3972016E+00  0.9177445E+00
  0.2337000E+01  0.6937890E-01  0.2817871E+00  0.6424019E+00  0.4258327E+00  0.9048152E+00
  0.2357500E+01  0.7101775E-01  0.2782027E+00  0.6344159E+00  0.4540435E+00  0.8909930E+00
  0.2378000E+01  0.7296169E-01  0.2747094E+00  0.6268287E+00  0.4818062E+00  0.8762915E+00
  0.2398500E+01  0.7519653E-01  0.2713107E+00  0.6196258E+00  0.5090934E+00  0.8607252E+00
  0.2419000E+01  0.7770836E-01  0.2680098E+00  0.6127908E+00  0.5358783E+00  0.8443095E+00
  0.2439500E+01  0.8048359E-01  0.2648096E+00  0.6063062E+00  0.5621342E+00  0.8270606E+00
  0.2460000E+01  0.8350894E-01  0.2617127E+00  0.6001543E+00  0.5878355E+00  0.8089954E+00
  0.2480500E+01  0.8677145E-01  0.2587216E+00  0.5943170E+00  0.6129566E+00  0.7901318E+00
  0.2501000E+01  0.9025848E-01  0.2558383E+00  0.5887764E+00  0.6374727E+00  0.7704885E+00
  0.2521500E+01  0.9395773E-01  0.2530647E+00  0.5835151E+00  0.6613598E+00  0.7500848E+00
  0.2542000E+01  0.9785717E-01  0.2504025E+00  0.5785158E+00  0.6845942E+00  0.7289409E+00
  0.2562500E+01  0.1019451E+00  0.2478531E+00  0.5737619E+00  0.7071530E+00  0.7070776E+00
  0.2583000E+01  0.1062102E+00  0.2454176E+00  0.5692371E+00  0.7290139E+00  0.6845165E+00
  0.2603500E+01  0.1106412E+00  0.2430970E+00  0.5649257E+00  0.7501554E+00  0.6612798E+00
  0.2624000E+01  0.1152273E+00  0.2408921E+00  0.5608126E+00  0.7705565E+00  0.6373906E+00
  0.2644500E+01  0.1199581E+00  0.2388035E+00  0.5568833E+00  0.7901972E+00  0.6128723E+00
  0.2665000E+01  0.1248231E+00  0.2368316E+00  0.5531237E+00  0.8090581E+00  0.5877492E+00
  0.2685500E+01  0.1298123E+00  0.2349765E+00  0.5495204E+00  0.8271205E+00  0.5620460E+00
  0.2706000E+01  0.1349159E+00  0.2332383E+00  0.5460604E+00  0.8443667E+00  0.5357882E+00
  0.2726500E+01  0.1401243E+00  0.2316170E+00  0.5427314E+00  0.8607795E+00  0.5090016E+00
  0.2747000E+01  0.1454282E+00  0.2301121E+00  0.5395216E+00  0.8763429E+00  0.4817127E+00
  0.2767500E+01  0.1508185E+00  0.2287233E+00  0.5364195E+00  0.8910415E+00  0.4539485E+00
  0.2788000E+01  0.1562863E+00  0.2274500E+00  0.5334143E+00  0.9048606E+00  0.4257362E+00
  0.2808500E+01  0.1618229E+00  0.2262915E+00  0.5304957E+00  0.9177868E+00  0.3971037E+00
  0.2829000E+01  0.1674198E+00  0.2252469E+00  0.5276539E+00  0.9298073E+00  0.3680794E+00
  0.2849500E+01  0.1730687E+00  0.2243153E+00  0.5248794E+00  0.9409102E+00  0.3386918E+00
  0.2870000E+01  0.1787616E+00  0.2234955E+00  0.5221632E+00  0.9510844E+00  0.3089700E+00
  0.2890500E+01  0.1844905E+00  0.2227863E+00  0.5194968E+00  0.9603201E+00  0.2789433E+00
  0.2911000E+01  0.1902479E+00  0.2221865E+00  0.5168722E+00  0.9686081E+00  0.2486412E+00
  0.2931500E+01  0.1960261E+00  0.2216945E+00  0.5142815E+00  0.9759401E+00  0.2180938E+00
  0.2952000E+01  0.2018178E+00  0.2213088E+00  0.5117175E+00  0.9823091E+00  0.1873312E+00
  0.2972500E+01  0.2076159E+00  0.2210279E+00  0.5091733E+00  0.9877086E+00  0.1563837E+00
  0.2993000E+01  0.2134134E+00  0.2208499E+00  0.5066424E+00  0.9921333E+00  0.1252818E+00
  0.3013500E+01  0.2192035E+00  0.2207731E+00  0.5041184E+00  0.9955790E+00  0.9405637E-01
  0.3034000E+01  0.2249796E+00  0.2207955E+00  0.5015957E+00  0.9980421E+00  0.6273806E-01
  0.3054500E+01  0.2307351E+00  0.2209153E+00  0.4990687E+00  0.9995203E+00  0.3135785E-01
  0.3075000E+01  0.2364640E+00  0.2211303E+00  0.4965321E+00  0.1000012E+01 -0.5331704E-04
  0.3095500E+01  0.2421599E+00  0.2214384E+00  0.4939813E+00  0.9995169E+00 -0.3146443E-01
  0.3116000E+01  0.2478169E+00  0.2218374E+00  0.4914116E+00  0.9980354E+00 -0.6284449E-01
  0.3136500E+01  0.2534293E+00  0.2223251E+00  0.4888188E+00  0.9955689E+00 -0.9416253E-01
  0.3157000E+01  0.2589915E+00  0.2228993E+00  0.4861989E+00  0.9921200E+00 -0.1253876E+00
  0.3177500E+01  0.2644979E+00  0.2235574E+00  0.4835482E+00  0.9876919E+00 -0.1564890E+00
  0.3198000E+01  0.2699432E+00  0.2242972E+00  0.4808635E+00  0.9822891E+00 -0.1874359E+00
  0.3218500E+01  0.2753224E+00  0.2251161E+00  0.4781415E+00  0.9759169E+00 -0.2181979E+00
  0.3239000E+01  0.2806304E+00  0.2260116E+00  0.4753793E+00  0.9685816E+00 -0.2487445E+00
  0.3259500E+01  0.2858625E+00  0.2269813E+00  0.4725744E+00  0.9602904E+00 -0.2790457E+00
  0.3280000E+01  0.2910139E+00  0.2280225E+00  0.4697244E+00  0.9510515E+00 -0.3090714E+00
  0.3300500E+01  0.2960802E+00  0.2291326E+00  0.4668272E+00  0.9408740E+00 -0.3387922E+00
  0.3321000E+01  0.3010571E+00  0.2303089E+00  0.4638807E+00  0.9297680E+00 -0.3681786E+00
  0.3341500E+01  0.3059403E+00  0.2315488E+00  0.4608834E+00  0.9177445E+00 -0.3972016E+00
  0.3362000E+01  0.3107259E+00  0.2328496E+00  0.4578338E+00  0.9048152E+00 -0.4258327E+00
  0.3382500E+01  0.3154101E+00  0.2342086E+00  0.4547306E+00  0.8909930E+00 -0.4540435E+00
  0.3403000E+01  0.3199891E+00  0.2356231E+00  0.4515728E+00  0.8762915E+00 -0.4818062E+00
  0.3423500E+01  0.3244595E+00  0.2370902E+00  0.4483594E+00  0.8607252E+00 -0.5090934E+00
  0.3444000E+01  0.3288178E+00  0.2386072E+00  0.4450899E+00  0.8443095E+00 -0.5358783E+00
  0.3464500E+01  0.3330609E+00  0.2401714E+00  0.4417637E+00  0.8270606E+00 -0.5621342E+00
  0.3485000E+01  0.3371857E+00  0.2417800E+00  0.4383806E+00  0.8089954E+00 -0.5878355E+00
  0.3505500E+01  0.3411895E+00  0.2434301E+00  0.4349405E+00  0.7901318E+00 -0.6129566E+00
  0.3526000E+01  0.3450694E+00  0.2451191E+00  0.4314433E+00  0.7704885E+00 -0.6374727E+00
  0.3546500E+01  0.3488229E+00  0.2468441E+00  0.4278892E+00  0.7500848E+00 -0.6613598E+00
  0.3567000E+01  0.3524478E+00  0.2486024E+00  0.4242788E+00  0.7289409E+00 -0.6845942E+00
  0.3587500E+01  0.3559416E+00  0.2503912E+00  0.4206124E+00  0.7070776E+00 -0.7071530E+00
  0.3608000E+01  0.3593025E+00  0.2522078E+00  0.4168908E+00  0.6845165E+00 -0.7290139E+00
  0.3628500E+01  0.3625284E+00  0.2540494E+00  0.4131147E+00  0.6612798E+00 -0.7501554E+00
  0.3649000E+01  0.3656178E+00  0.2559132E+00  0.4092852E+00  0.6373906E+00 -0.7705565E+00
  0.3669500E+01  0.3685689E+00  0.2577967E+00  0.4054033E+00  0.6128723E+00 -0.7901972E+00
  0.3690000E+01  0.3713805E+00  0.2596970E+00  0.4014702E+00  0.5877492E+00 -0.8090581E+00
  0.3710500E+01  0.3740513E+00  0.2616116E+00  0.3974873E+00  0.5620460E+00 -0.8271205E+00
  0.3731000E+01  0.3765802E+00  0.2635378E+00  0.3934560E+00  0.5357882E+00 -0.8443667E+00
  0.3751500E+01  0.3789663E+00  0.2654730E+00  0.3893780E+00  0.5090016E+00 -0.8607795E+00
  0.3772000E+01  0.3812088E+00  0.2674147E+00  0.3852549E+00  0.4817127E+00 -0.8763429E+00
  0.3792500E+01  0.3833072E+00  0.2693602E+00  0.3810885E+00  0.4539485E+00 -0.8910415E+00
  0.3813000E+01  0.3852610E+00  0.2713070E+00  0.3768807E+00  0.4257362E+00 -0.9048606E+00
  0.3833500E+01  0.3870700E+00  0.2732528E+00  0.3726335E+00  0.3971037E+00 -0.9177868E+00
  0.3854000E+01  0.3887341E+00  0.2751950E+00  0.3683491E+00  0.3680794E+00 -0.9298073E+00
  0.3874500E+01  0.3902533E+00  0.2771312E+00  0.3640295E+00  0.3386918E+00 -0.9409102E+00
  0.3895000E+01  0.3916277E+00  0.2790592E+00  0.3596770E+00  0.3089700E+00 -0.9510844E+00
  0.3915500E+01  0.3928578E+00  0.2809766E+00  0.3552940E+00  0.2789433E+00 -0.9603201E+00
  0.3936000E+01  0.3939440E+00  0.2828811E+00  0.3508830E+00  0.2486412E+00 -0.9686081E+00
  0.3956500E+01  0.3948871E+00  0.2847705E+00  0.3464463E+00  0.2180938E+00 -0.9759401E+00
  0.3977000E+01  0.3956878E+00  0.2866427E+00  0.3419865E+00  0.1873312E+00 -0.9823091E+00
  0.3997500E+01  0.3963471E+00  0.2884955E+00  0.3375063E+00  0.1563837E+00 -0.9877086E+00
  0.4018000E+01  0.3968660E+00  0.2903270E+00  0.3330083E+00  0.1252818E+00 -0.9921333E+00
  0.4038500E+01  0.3972459E+00  0.2921350E+00  0.3284953E+00  0.9405637E-01 -0.9955790E+00
  0.4059000E+01  0.3974882E+00  0.2939177E+00  0.3239701E+00  0.6273806E-01 -0.9980421E+00
  0.4079500E+01  0.3975943E+00  0.2956731E+00  0.3194353E+00  0.3135785E-01 -0.9995203E+00
  0.4100000E+01  0.3975659E+00  0.2973994E+00  0.3148941E+00 -0.5331730E-04 -0.1000012E+01
  0.4120500E+01  0.3974049E+00  0.2990949E+00  0.3103491E+00 -0.3146443E-01 -0.9995169E+00
  0.4141000E+01  0.3971132E+00  0.3007578E+00  0.3058034E+00 -0.6284449E-01 -0.9980354E+00
  0.4161500E+01  0.3966929E+00  0.3023865E+00  0.3012599E+00 -0.9416253E-01 -0.9955689E+00
  0.4182000E+01  0.3961462E+00  0.3039794E+00  0.2967216E+00 -0.1253876E+00 -0.9921200E+00
  0.4202500E+01  0.3954754E+00  0.3055351E+00  0.2921915E+00 -0.1564890E+00 -0.9876919E+00
  0.4223000E+01  0.3946829E+00  0.3070520E+00  0.2876727E+00 -0.1874359E+00 -0.9822891E+00
  0.4243500E+01  0.3937714E+00  0.3085287E+00  0.2831681E+00 -0.2181979E+00 -0.9759169E+00
  0.4264000E+01  0.3927436E+00  0.3099640E+00  0.2786809E+00 -0.2487445E+00 -0.9685816E+00
  0.4284500E+01  0.3916022E+00  0.3113567E+00  0.2742140E+00 -0.2790457E+00 -0.9602904E+00
  0.4305000E+01  0.3903502E+00  0.3127054E+00  0.2697706E+00 -0.3090714E+00 -0.9510515E+00
  0.4325500E+01  0.3889906E+00  0.3140092E+00  0.2653536E+00 -0.3387922E+00 -0.9408740E+00
  0.4346000E+01  0.3875266E+00  0.3152670E+00  0.2609662E+00 -0.3681786E+00 -0.9297680E+00
  0.4366500E+01  0.3859613E+00  0.3164778E+00  0.2566112E+00 -0.3972016E+00 -0.9177445E+00
  0.4387000E+01  0.3842982E+00  0.3176408E+00  0.2522919E+00 -0.4258327E+00 -0.9048152E+00
  0.4407500E+01  0.3825406E+00  0.3187551E+00  0.2480111E+00 -0.4540435E+00 -0.8909930E+00
  0.4428000E+01  0.3806921E+00  0.3198199E+00  0.2437718E+00 -0.4818062E+00 -0.8762915E+00
  0.4448500E+01  0.3787563E+00  0.3208347E+00  0.2395770E+00 -0.5090934E+00 -0.8607252E+00
  0.4469000E+01  0.3767368E+00  0.3217988E+00  0.2354296E+00 -0.5358783E+00 -0.8443095E+00
  0.4489500E+01  0.3746376E+00  0.3227117E+00  0.2313325E+00 -0.5621342E+00 -0.8270606E+00
  0.4510000E+01  0.3724623E+00  0.3235728E+00  0.2272886E+00 -0.5878355E+00 -0.8089954E+00
  0.4530500E+01  0.3702149E+00  0.3243820E+00  0.2233006E+00 -0.6129566E+00 -0.7901318E+00
  0.4551000E+01  0.3678995E+00  0.3251388E+00  0.2193713E+00 -0.6374727E+00 -0.7704885E+00
  0.4571500E+01  0.3655200E+00  0.3258430E+00  0.2155035E+00 -0.6613598E+00 -0.7500848E+00
  0.4592000E+01  0.3630805E+00  0.3264944E+00  0.2116997E+00 -0.6845942E+00 -0.7289409E+00
  0.4612500E+01  0.3605854E+00  0.3270930E+00  0.2079627E+00 -0.7071530E+00 -0.7070776E+00
  0.4633000E+01  0.3580386E+00  0.3276388E+00  0.2042950E+00 -0.7290139E+00 -0.6845165E+00
  0.4653500E+01  0.3554446E+00  0.3281318E+00  0.2006991E+00 -0.7501554E+00 -0.6612798E+00
  0.4674000E+01  0.3528077E+00  0.3285721E+00  0.1971774E+00 -0.7705565E+00 -0.6373906E+00
  0.4694500E+01  0.3501321E+00  0.3289599E+00  0.1937324E+00 -0.7901972E+00 -0.6128723E+00
  0.4715000E+01  0.3474222E+00  0.3292956E+00  0.1903662E+00 -0.8090581E+00 -0.5877492E+00
  0.4735500E+01  0.3446826E+00  0.3295794E+00  0.1870812E+00 -0.8271205E+00 -0.5620460E+00
  0.4756000E+01  0.3419175E+00  0.3298118E+00  0.1838796E+00 -0.8443667E+00 -0.5357882E+00
  0.4776500E+01  0.3391315E+00  0.3299933E+00  0.1807633E+00 -0.8607795E+00 -0.5090016E+00
  0.4797000E+01  0.3363290E+00  0.3301243E+00  0.1777344E+00 -0.8763429E+00 -0.4817127E+00
  0.4817500E+01  0.3335145E+00  0.3302055E+00  0.1747949E+00 -0.8910415E+00 -0.4539485E+00
  0.4838000E+01  0.3306925E+00  0.3302377E+00  0.1719465E+00 -0.9048606E+00 -0.4257362E+00
  0.4858500E+01  0.3278675E+00  0.3302214E+00  0.1691911E+00 -0.9177868E+00 -0.3971037E+00
  0.4879000E+01  0.3250439E+00  0.3301576E+00  0.1665302E+00 -0.9298073E+00 -0.3680794E+00
  0.4899500E+01  0.3222263E+00  0.3300470E+00  0.1639655E+00 -0.9409102E+00 -0.3386918E+00
  0.4920000E+01  0.3194192E+00  0.3298907E+00  0.1614985E+00 -0.9510844E+00 -0.3089700E+00
  0.4940500E+01  0.3166269E+00  0.3296896E+00  0.1591305E+00 -0.9603201E+00 -0.2789433E+00
  0.4961000E+01  0.3138540E+00  0.3294448E+00  0.1568629E+00 -0.9686081E+00 -0.2486412E+00
  0.4981500E+01  0.3111049E+00  0.3291574E+00  0.1546968E+00 -0.9759401E+00 -0.2180938E+00
  0.5002000E+01  0.3083839E+00  0.3288284E+00  0.1526333E+00 -0.9823091E+00 -0.1873312E+00
  0.5022500E+01  0.3056953E+00  0.3284593E+00  0.1506735E+00 -0.9877086E+00 -0.1563837E+00
  0.5043000E+01  0.3030436E+00  0.3280512E+00  0.1488182E+00 -0.9921333E+00 -0.1252818E+00
  0.5063500E+01  0.3004330E+00  0.3276054E+00  0.1470683E+00 -0.9955790E+00 -0.9405636E-01
  0.5084000E+01  0.2978677E+00  0.3271233E+00  0.1454244E+00 -0.9980421E+00 -0.6273806E-01
  0.5104500E+01  0.2953520E+00  0.3266063E+00  0.1438872E+00 -0.9995203E+00 -0.3135785E-01
  0.5125000E+01  0.2928899E+00  0.3260559E+00  0.1424572E+00 -0.1000012E+01  0.5331756E-04
  0.5145500E+01  0.2904855E+00  0.3254737E+00  0.1411347E+00 -0.9995169E+00  0.3146443E-01
  0.5166000E+01  0.2881428E+00  0.3248611E+00  0.1399200E+00 -0.9980354E+00  0.6284449E-01
  0.5186500E+01  0.2858658E+00  0.3242197E+00  0.1388134E+00 -0.9955689E+00  0.9416253E-01
  0.5207000E+01  0.2836584E+00  0.3235512E+00  0.1378149E+00 -0.9921200E+00  0.1253876E+00
  0.5227500E+01  0.2815244E+00  0.3228573E+00  0.1369246E+00 -0.9876919E+00  0.1564890E+00
  0.5248000E+01  0.2794674E+00  0.3221396E+00  0.1361422E+00 -0.9822891E+00  0.1874359E+00
  0.5268500E+01  0.2774912E+00  0.3213999E+00  0.1354676E+00 -0.9759169E+00  0.2181979E+00
  0.5289000E+01  0.2755992E+00  0.3206400E+00  0.1349005E+00 -0.9685816E+00  0.2487445E+00
  0.5309500E+01  0.2737951E+00  0.3198617E+00  0.1344404E+00 -0.9602904E+00  0.2790457E+00
  0.5330000E+01  0.2720821E+00  0.3190667E+00  0.1340869E+00 -0.9510515E+00  0.3090714E+00
  0.5350500E+01  0.2704636E+00  0.3182570E+00  0.1338394E+00 -0.9408740E+00  0.3387922E+00
  0.5371000E+01  0.2689427E+00  0.3174344E+00  0.1336970E+00 -0.9297680E+00  0.3681786E+00
  0.5391500E+01  0.2675225E+00  0.3166008E+00  0.1336592E+00 -0.9177445E+00  0.3972016E+00
  0.5412000E+01  0.2662061E+00  0.3157582E+00  0.1337249E+00 -0.9048152E+00  0.4258327E+00
  0.5432500E+01  0.2649962E+00  0.3149085E+00  0.1338931E+00 -0.8909930E+00  0.4540435E+00
  0.5453000E+01  0.2638957E+00  0.3140535E+00  0.1341628E+00 -0.8762915E+00  0.4818062E+00
  0.5473500E+01  0.2629073E+00  0.3131954E+00  0.1345329E+00 -0.8607252E+00  0.5090934E+00
  0.5494000E+01  0.2620333E+00  0.3123360E+00  0.1350020E+00 -0.8443095E+00  0.5358783E+00
  0.5514500E+01  0.2612764E+00  0.3114774E+00  0.1355688E+00 -0.8270606E+00  0.5621342E+00
  0.5535000E+01  0.2606387E+00  0.3106215E+00  0.1362319E+00 -0.8089954E+00  0.5878355E+00
  0.5555500E+01  0.2601225E+00  0.3097703E+00  0.1369898E+00 -0.7901318E+00  0.6129566E+00
  0.5576000E+01  0.2597297E+00  0.3089258E+00  0.1378409E+00 -0.7704885E+00  0.6374727E+00
  0.5596500E+01  0.2594624E+00  0.3080901E+00  0.1387834E+00 -0.7500848E+00  0.6613598E+00
  0.5617000E+01  0.2593223E+00  0.3072650E+00  0.1398156E+00 -0.7289409E+00  0.6845942E+00
  0.5637500E+01  0.2593110E+00  0.3064527E+00  0.1409356E+00 -0.7070776E+00  0.7071530E+00
  0.5658000E+01  0.2594302E+00  0.3056550E+00  0.1421417E+00 -0.6845165E+00  0.7290139E+00
  0.5678500E+01  0.2596811E+00  0.3048740E+00  0.1434316E+00 -0.6612798E+00  0.7501554E+00
  0.5699000E+01  0.2600650E+00  0.3041116E+00  0.1448034E+00 -0.6373906E+00  0.7705565E+00
  0.5719500E+01  0.2605832E+00  0.3033697E+00  0.1462549E+00 -0.6128723E+00  0.7901972E+00
  0.5740000E+01  0.2612364E+00  0.3026503E+00  0.1477839E+00 -0.5877492E+00  0.8090581E+00
  0.5760500E+01  0.2620257E+00  0.3019553E+00  0.1493881E+00 -0.5620460E+00  0.8271205E+00
  0.5781000E+01  0.2629516E+00  0.3012866E+00  0.1510650E+00 -0.5357882E+00  0.8443667E+00
  0.5801500E+01  0.2640147E+00  0.3006461E+00  0.1528124E+00 -0.5090016E+00  0.8607795E+00
  0.5822000E+01  0.2652155E+00  0.3000356E+00  0.1546277E+00 -0.4817127E+00  0.8763429E+00
  0.5842500E+01  0.2665543E+00  0.2994570E+00  0.1565084E+00 -0.4539485E+00  0.8910415E+00
  0.5863000E+01  0.2680310E+00  0.2989120E+00  0.1584517E+00 -0.4257362E+00  0.9048606E+00
  0.5883500E+01  0.2696459E+00  0.2984025E+00  0.1604552E+00 -0.3971037E+00  0.9177868E+00
  0.5904000E+01  0.2713986E+00  0.2979301E+00  0.1625159E+00 -0.3680794E+00  0.9298073E+00
  0.5924500E+01  0.2732889E+00  0.2974965E+00  0.1646313E+00 -0.3386918E+00  0.9409102E+00
  0.5945000E+01  0.2753164E+00  0.2971035E+00  0.1667983E+00 -0.3089700E+00  0.9510844E+00
  0.5965500E+01  0.2774804E+00  0.2967526E+00  0.1690142E+00 -0.2789433E+00  0.9603201E+00
  0.5986000E+01  0.2797803E+00  0.2964455E+00  0.1712760E+00 -0.2486412E+00  0.9686081E+00
  0.6006500E+01  0.2822152E+00  0.2961837E+00  0.1735807E+00 -0.2180938E+00  0.9759401E+00
  0.6027000E+01  0.2847841E+00  0.2959687E+00  0.1759253E+00 -0.1873312E+00  0.9823091E+00
  0.6047500E+01  0.2874858E+00  0.2958020E+00  0.1783069E+00 -0.1563837E+00  0.9877086E+00
  0.6068000E+01  0.2903191E+00  0.2956850E+00  0.1807222E+00 -0.1252818E+00  0.9921333E+00
  0.6088500E+01  0.2932826E+00  0.2956190E+00  0.1831683E+00 -0.9405636E-01  0.9955790E+00
  0.6109000E+01  0.2963747E+00  0.2956055E+00  0.1856418E+00 -0.6273806E-01  0.9980421E+00
  0.6129500E+01  0.2995938E+00  0.2956457E+00  0.1881398E+00 -0.3135785E-01  0.9995203E+00
  0.6150000E+01  0.3029380E+00  0.2957407E+00  0.1906589E+00  0.5331782E-04  0.1000012E+01
  0.6170500E+01  0.3064053E+00  0.2958919E+00  0.1931960E+00  0.3146443E-01  0.9995169E+00
  0.6191000E+01  0.3099938E+00  0.2961003E+00  0.1957479E+00  0.6284449E-01  0.9980354E+00
  0.6211500E+01  0.3137013E+00  0.2963669E+00  0.1983113E+00  0.9416253E-01  0.9955689E+00
  0.6232000E+01  0.3175253E+00  0.2966928E+00  0.2008829E+00  0.1253876E+00  0.9921200E+00
  0.6252500E+01  0.3214635E+00  0.2970789E+00  0.2034595E+00  0.1564890E+00  0.9876919E+00
  0.6273000E+01  0.3255134E+00  0.2975262E+00  0.2060379E+00  0.1874359E+00  0.9822891E+00
  0.6293500E+01  0.3296722E+00  0.2980354E+00  0.2086147E+00  0.2181979E+00  0.9759169E+00
  0.6314000E+01  0.3339373E+00  0.2986073E+00  0.2111867E+00  0.2487445E+00  0.9685816E+00
  0.6334500E+01  0.3383055E+00  0.2992426E+00  0.2137507E+00  0.2790457E+00  0.9602904E+00
  0.6355000E+01  0.3427741E+00  0.2999421E+00  0.2163034E+00  0.3090714E+00  0.9510515E+00
  0.6375500E+01  0.3473399E+00  0.3007062E+00  0.2188416E+00  0.3387922E+00  0.9408740E+00
  0.6396000E+01  0.3519996E+00  0.3015355E+00  0.2213621E+00  0.3681786E+00  0.9297680E+00
  0.6416500E+01  0.3567501E+00  0.3024304E+00  0.2238616E+00  0.3972016E+00  0.9177445E+00
  0.6437000E+01  0.3615878E+00  0.3033915E+00  0.2263370E+00  0.4258327E+00  0.9048152E+00
  0.6457500E+01  0.3665093E+00  0.3044188E+00  0.2287851E+00  0.4540435E+00  0.8909930E+00
  0.6478000E+01  0.3715110E+00  0.3055129E+00  0.2312029E+00  0.4818062E+00  0.8762915E+00
  0.6498500E+01  0.3765893E+00  0.3066738E+00  0.2335872E+00  0.5090934E+00  0.8607252E+00
  0.6519000E+01  0.3817404E+00  0.3079016E+00  0.2359349E+00  0.5358783E+00  0.8443095E+00
  0.6539500E+01  0.3869605E+00  0.3091965E+00  0.2382431E+00  0.5621342E+00  0.8270606E+00
  0.6560000E+01  0.3922457E+00  0.3105585E+00  0.2405088E+00  0.5878355E+00  0.8089954E+00
  0.6580500E+01  0.3975920E+00  0.3119874E+00  0.2427290E+00  0.6129566E+00  0.7901318E+00
  0.6601000E+01  0.4029955E+00  0.3134832E+00  0.2449009E+00  0.6374727E+00  0.7704885E+00
  0.6621500E+01  0.4084521E+00  0.3150456E+00  0.2470216E+00  0.6613598E+00  0.7500848E+00
  0.6642000E+01  0.4139575E+00  0.3166744E+00  0.2490883E+00  0.6845942E+00  0.7289409E+00
  0.6662500E+01  0.4195076E+00  0.3183693E+00  0.2510983E+00  0.7071530E+00  0.7070776E+00
  0.6683000E+01  0.4250982E+00  0.3201298E+00  0.2530490E+00  0.7290139E+00  0.6845165E+00
  0.6703500E+01  0.4307250E+00  0.3219555E+00  0.2549377E+00  0.7501554E+00  0.6612798E+00
  0.6724000E+01  0.4363836E+00  0.3238458E+00  0.2567618E+00  0.7705565E+00  0.6373906E+00
  0.6744500E+01  0.4420697E+00  0.3258002E+00  0.2585190E+00  0.7901972E+00  0.6128723E+00
  0.6765000E+01  0.4477788E+00  0.3278181E+00  0.2602067E+00  0.8090581E+00  0.5877492E+00
  0.6785500E+01  0.4535067E+00  0.3298986E+00  0.2618227E+00  0.8271205E+00  0.5620460E+00
  0.6806000E+01  0.4592487E+00  0.3320410E+00  0.2633646E+00  0.8443667E+00  0.5357882E+00
  0.6826500E+01  0.4650005E+00  0.3342445E+00  0.2648304E+00  0.8607795E+00  0.5090016E+00
  0.6847000E+01  0.4707575E+00  0.3365081E+00  0.2662178E+00  0.8763429E+00  0.4817127E+00
  0.6867500E+01  0.4765154E+00  0.3388309E+00  0.2675249E+00  0.8910415E+00  0.4539485E+00
  0.6888000E+01  0.4822695E+00  0.3412119E+00  0.2687496E+00  0.9048606E+00  0.4257362E+00
  0.6908500E+01  0.4880154E+00  0.3436500E+00  0.2698902E+00  0.9177868E+00  0.3971037E+00
  0.6929000E+01  0.4937486E+00  0.3461440E+00  0.2709448E+00  0.9298073E+00  0.3680794E+00
  0.6949500E+01  0.4994646E+00  0.3486927E+00  0.2719118E+00  0.9409102E+00  0.3386918E+00
  0.6970000E+01  0.5051589E+00  0.3512949E+00  0.2727896E+00  0.9510844E+00  0.3089700E+00
  0.6990500E+01  0.5108271E+00  0.3539492E+00  0.2735766E+00  0.9603201E+00  0.2789433E+00
  0.7011000E+01  0.5164648E+00  0.3566543E+00  0.2742714E+00  0.9686081E+00  0.2486412E+00
  0.7031500E+01  0.5220675E+00  0.3594089E+00  0.2748727E+00  0.9759401E+00  0.2180938E+00
  0.7052000E+01  0.5276309E+00  0.3622113E+00  0.2753793E+00  0.9823091E+00  0.1873312E+00
  0.7072500E+01  0.5331506E+00  0.3650601E+00  0.2757900E+00  0.9877086E+00  0.1563837E+00
  0.7093000E+01  0.5386224E+00  0.3679538E+00  0.2761039E+00  0.9921333E+00  0.1252818E+00
  0.7113500E+01  0.5440419E+00  0.3708907E+00  0.2763199E+00  0.9955790E+00  0.9405636E-01
  0.7134000E+01  0.5494049E+00  0.3738692E+00  0.2764373E+00  0.9980421E+00  0.6273806E-01
  0.7154500E+01  0.5547073E+00  0.3768876E+00  0.2764553E+00  0.9995203E+00  0.3135785E-01
  0.7175000E+01  0.5599450E+00  0.3799441E+00  0.2763734E+00  0.1000012E+01 -0.5331808E-04
  0.7195500E+01  0.5651139E+00  0.3830370E+00  0.2761909E+00  0.9995169E+00 -0.3146443E-01
  0.7216000E+01  0.5702100E+00  0.3861644E+00  0.2759074E+00  0.9980354E+00 -0.6284449E-01
  0.7236500E+01  0.5752295E+00  0.3893245E+00  0.2755227E+00  0.9955689E+00 -0.9416253E-01
  0.7257000E+01  0.5801685E+00  0.3925155E+00  0.2750366E+00  0.9921200E+00 -0.1253876E+00
  0.7277500E+01  0.5850231E+00  0.3957353E+00  0.2744488E+00  0.9876919E+00 -0.1564890E+00
  0.7298000E+01  0.5897897E+00  0.3989821E+00  0.2737595E+00  0.9822891E+00 -0.1874359E+00
  0.7318500E+01  0.5944648E+00  0.4022539E+00  0.2729687E+00  0.9759169E+00 -0.2181979E+00
  0.7339000E+01  0.5990447E+00  0.4055487E+00  0.2720767E+00  0.9685816E+00 -0.2487445E+00
  0.7359500E+01  0.6035260E+00  0.4088643E+00  0.2710837E+00  0.9602904E+00 -0.2790457E+00
  0.7380000E+01  0.6079054E+00  0.4121989E+00  0.2699902E+00  0.9510515E+00 -0.3090714E+00
  0.7400500E+01  0.6121797E+00  0.4155503E+00  0.2687968E+00  0.9408740E+00 -0.3387922E+00
  0.7421000E+01  0.6163456E+00  0.4189163E+00  0.2675039E+00  0.9297680E+00 -0.3681786E+00
  0.7441500E+01  0.6204002E+00  0.4222950E+00  0.2661125E+00  0.9177445E+00 -0.3972016E+00
  0.7462000E+01  0.6243405E+00  0.4256842E+00  0.2646233E+00  0.9048152E+00 -0.4258327E+00
  0.7482500E+01  0.6281636E+00  0.4290817E+00  0.2630372E+00  0.8909930E+00 -0.4540435E+00
  0.7503000E+01  0.6318669E+00  0.4324855E+00  0.2613554E+00  0.8762915E+00 -0.4818062E+00
  0.7523500E+01  0.6354477E+00  0.4358932E+00  0.2595790E+00  0.8607252E+00 -0.5090934E+00
  0.7544000E+01  0.6389035E+00  0.4393028E+00  0.2577092E+00  0.8443095E+00 -0.5358783E+00
  0.7564500E+01  0.6422320E+00  0.4427122E+00  0.2557475E+00  0.8270606E+00 -0.5621342E+00
  0.7585000E+01  0.6454308E+00  0.4461190E+00  0.2536952E+00  0.8089954E+00 -0.5878355E+00
  0.7605500E+01  0.6484979E+00  0.4495213E+00  0.2515539E+00  0.7901318E+00 -0.6129566E+00
  0.7626000E+01  0.6514313E+00  0.4529167E+00  0.2493253E+00  0.7704885E+00 -0.6374727E+00
  0.7646500E+01  0.6542290E+00  0.4563031E+00  0.2470111E+00  0.7500848E+00 -0.6613598E+00
  0.7667000E+01  0.6568893E+00  0.4596785E+00  0.2446133E+00  0.7289409E+00 -0.6845942E+00
  0.7687500E+01  0.6594106E+00  0.4630405E+00  0.2421337E+00  0.7070776E+00 -0.7071530E+00
  0.7708000E+01  0.6617913E+00  0.4663871E+00  0.2395744E+00  0.6845165E+00 -0.7290139E+00
  0.7728500E+01  0.6640302E+00  0.4697161E+00  0.2369376E+00  0.6612798E+00 -0.7501554E+00
  0.7749000E+01  0.6661259E+00  0.4730254E+00  0.2342255E+00  0.6373906E+00 -0.7705565E+00
  0.7769500E+01  0.6680774E+00  0.4763130E+00  0.2314404E+00  0.6128723E+00 -0.7901972E+00
  0.7790000E+01  0.6698837E+00  0.4795767E+00  0.2285848E+00  0.5877492E+00 -0.8090581E+00
  0.7810500E+01  0.6715440E+00  0.4828145E+00  0.2256613E+00  0.5620460E+00 -0.8271205E+00
  0.7831000E+01  0.6730576E+00  0.4860243E+00  0.2226724E+00  0.5357882E+00 -0.8443667E+00
  0.7851500E+01  0.6744239E+00  0.4892042E+00  0.2196209E+00  0.5090016E+00 -0.8607795E+00
  0.7872000E+01  0.6756425E+00  0.4923521E+00  0.2165095E+00  0.4817127E+00 -0.8763429E+00
  0.7892500E+01  0.6767132E+00  0.4954660E+00  0.2133413E+00  0.4539485E+00 -0.8910415E+00
  0.7913000E+01  0.6776357E+00  0.4985441E+00  0.2101193E+00  0.4257362E+00 -0.9048606E+00
  0.7933500E+01  0.6784101E+00  0.5015844E+00  0.2068465E+00  0.3971037E+00 -0.9177868E+00
  0.7954000E+01  0.6790365E+00  0.5045850E+00  0.2035263E+00  0.3680794E+00 -0.9298073E+00
  0.7974500E+01  0.6795151E+00  0.5075442E+00  0.2001620E+00  0.3386918E+00 -0.9409102E+00
  0.7995000E+01  0.6798464E+00  0.5104601E+00  0.1967571E+00  0.3089700E+00 -0.9510844E+00
  0.8015500E+01  0.6800308E+00  0.5133311E+00  0.1933152E+00  0.2789433E+00 -0.9603201E+00
  0.8036000E+01  0.6800690E+00  0.5161552E+00  0.1898401E+00  0.2486412E+00 -0.9686081E+00
  0.8056500E+01  0.6799618E+00  0.5189309E+00  0.1863358E+00  0.2180938E+00 -0.9759401E+00
  0.8077000E+01  0.6797100E+00  0.5216566E+00  0.1828064E+00  0.1873312E+00 -0.9823091E+00
  0.8097500E+01  0.6793147E+00  0.5243306E+00  0.1792562E+00  0.1563837E+00 -0.9877086E+00
  0.8118000E+01  0.6787770E+00  0.5269514E+00  0.1756899E+00  0.1252818E+00 -0.9921333E+00
  0.8138500E+01  0.6780980E+00  0.5295176E+00  0.1721124E+00  0.9405636E-01 -0.9955790E+00
  0.8159000E+01  0.6772793E+00  0.5320275E+00  0.1685290E+00  0.6273806E-01 -0.9980421E+00
  0.8179500E+01  0.6763221E+00  0.5344799E+00  0.1649455E+00  0.3135785E-01 -0.9995203E+00
  0.8200000E+01  0.6752279E+00  0.5368734E+00  0.1613683E+00 -0.5331833E-04 -0.1000012E+01
  0.8220500E+01  0.6739985E+00  0.5392067E+00  0.1578045E+00 -0.3146443E-01 -0.9995169E+00
  0.8241000E+01  0.6726353E+00  0.5414784E+00  0.1542624E+00 -0.6284449E-01 -0.9980354E+00
  0.8261500E+01  0.6711402E+00  0.5436875E+00  0.1507515E+00 -0.9416253E-01 -0.9955689E+00
  0.8282000E+01  0.6695146E+00  0.5458328E+00  0.1472834E+00 -0.1253876E+00 -0.9921200E+00
  0.8302500E+01  0.6677603E+00  0.5479130E+00  0.1438724E+00 -0.1564890E+00 -0.9876919E+00
  0.8323000E+01  0.6658788E+00  0.5499273E+00  0.1405372E+00 -0.1874359E+00 -0.9822891E+00
  0.8343500E+01  0.6638714E+00  0.5518744E+00  0.1373029E+00 -0.2181979E+00 -0.9759169E+00
  0.8364000E+01  0.6617392E+00  0.5537536E+00  0.1342052E+00 -0.2487445E+00 -0.9685816E+00
  0.8384500E+01  0.6594824E+00  0.5555637E+00  0.1312992E+00 -0.2790457E+00 -0.9602904E+00
  0.8405000E+01  0.6571005E+00  0.5573039E+00  0.1286759E+00 -0.3090714E+00 -0.9510515E+00
  0.8425500E+01  0.6545908E+00  0.5589732E+00  0.1265053E+00 -0.3387922E+00 -0.9408740E+00
  0.8446000E+01  0.6519465E+00  0.5605705E+00  0.1251574E+00 -0.3681786E+00 -0.9297680E+00
  0.8466500E+01  0.6491499E+00  0.5620948E+00  0.1256125E+00 -0.3972016E+00 -0.9177445E+00
  0.8487000E+01  0.6461549E+00  0.5635443E+00  0.1302466E+00 -0.4258327E+00 -0.9048152E+00
  0.8507500E+01  0.6428801E+00  0.5649163E+00  0.1397123E+00 -0.4540435E+00 -0.8909930E+00
  0.8528000E+01  0.6392710E+00  0.5662067E+00  0.1512396E+00 -0.4818062E+00 -0.8762915E+00
  0.8548500E+01  0.6353146E+00  0.5674112E+00  0.1633113E+00 -0.5090934E+00 -0.8607252E+00
  0.8569000E+01  0.6310148E+00  0.5685254E+00  0.1753904E+00 -0.5358783E+00 -0.8443095E+00
  0.8589500E+01  0.6263819E+00  0.5695450E+00  0.1872597E+00 -0.5621342E+00 -0.8270606E+00
  0.8610000E+01  0.6214288E+00  0.5704661E+00  0.1988214E+00 -0.5878355E+00 -0.8089954E+00
  0.8630500E+01  0.6161695E+00  0.5712852E+00  0.2100306E+00 -0.6129566E+00 -0.7901318E+00
  0.8651000E+01  0.6106185E+00  0.5719987E+00  0.2208695E+00 -0.6374727E+00 -0.7704885E+00
  0.8671500E+01  0.6047907E+00  0.5726038E+00  0.2313344E+00 -0.6613598E+00 -0.7500848E+00
  0.8692000E+01  0.5987007E+00  0.5730977E+00  0.2414302E+00 -0.6845942E+00 -0.7289409E+00
  0.8712500E+01  0.5923630E+00  0.5734779E+00  0.2511669E+00 -0.7071530E+00 -0.7070776E+00
  0.8733000E+01  0.5857919E+00  0.5737424E+00  0.2605572E+00 -0.7290139E+00 -0.6845165E+00
  0.8753500E+01  0.5790012E+00  0.5738892E+00  0.2696158E+00 -0.7501554E+00 -0.6612798E+00
  0.8774000E+01  0.5720047E+00  0.5739167E+00  0.2783585E+00 -0.7705565E+00 -0.6373906E+00
  0.8794500E+01  0.5648157E+00  0.5738236E+00  0.2868014E+00 -0.7901972E+00 -0.6128723E+00
  0.8815000E+01  0.5574472E+00  0.5736087E+00  0.2949609E+00 -0.8090581E+00 -0.5877492E+00
  0.8835500E+01  0.5499117E+00  0.5732712E+00  0.3028532E+00 -0.8271205E+00 -0.5620460E+00
  0.8856000E+01  0.5422218E+00  0.5728105E+00  0.3104945E+00 -0.8443667E+00 -0.5357882E+00
  0.8876500E+01  0.5343892E+00  0.5722261E+00  0.3179004E+00 -0.8607795E+00 -0.5090016E+00
  0.8897000E+01  0.5264257E+00  0.5715179E+00  0.3250863E+00 -0.8763429E+00 -0.4817127E+00
  0.8917500E+01  0.5183426E+00  0.5706856E+00  0.3320669E+00 -0.8910415E+00 -0.4539485E+00
  0.8938000E+01  0.5101511E+00  0.5697297E+00  0.3388567E+00 -0.9048606E+00 -0.4257362E+00
  0.8958500E+01  0.5018617E+00  0.5686503E+00  0.3454694E+00 -0.9177868E+00 -0.3971037E+00
  0.8979000E+01  0.4934849E+00  0.5674481E+00  0.3519184E+00 -0.9298073E+00 -0.3680794E+00
  0.8999500E+01  0.4850310E+00  0.5661236E+00  0.3582164E+00 -0.9409102E+00 -0.3386918E+00
  0.9020000E+01  0.4765097E+00  0.5646778E+00  0.3643756E+00 -0.9510844E+00 -0.3089700E+00
  0.9040500E+01  0.4679306E+00  0.5631117E+00  0.3704077E+00 -0.9603201E+00 -0.2789433E+00
  0.9061000E+01  0.4593032E+00  0.5614263E+00  0.3763238E+00 -0.9686081E+00 -0.2486412E+00
  0.9081500E+01  0.4506363E+00  0.5596230E+00  0.3821348E+00 -0.9759401E+00 -0.2180938E+00
  0.9102000E+01  0.4419390E+00  0.5577032E+00  0.3878506E+00 -0.9823091E+00 -0.1873312E+00
  0.9122500E+01  0.4332197E+00  0.5556684E+00  0.3934810E+00 -0.9877086E+00 -0.1563837E+00
  0.9143000E+01  0.4244867E+00  0.5535202E+00  0.3990352E+00 -0.9921333E+00 -0.1252818E+00
  0.9163500E+01  0.4157481E+00  0.5512605E+00  0.4045219E+00 -0.9955790E+00 -0.9405636E-01
  0.9184000E+01  0.4070119E+00  0.5488910E+00  0.4099492E+00 -0.9980421E+00 -0.6273806E-01
  0.9204500E+01  0.3982855E+00  0.5464137E+00  0.4153252E+00 -0.9995203E+00 -0.3135784E-01
  0.9225000E+01  0.3895765E+00  0.5438307E+00  0.4206571E+00 -0.1000012E+01  0.5331859E-04
  0.9245500E+01  0.3808919E+00  0.5411442E+00  0.4259519E+00 -0.9995169E+00  0.3146443E-01
  0.9266000E+01  0.3722388E+00  0.5383563E+00  0.4312162E+00 -0.9980354E+00  0.6284449E-01
  0.9286500E+01  0.3636239E+00  0.5354694E+00  0.4364562E+00 -0.9955689E+00  0.9416253E-01
  0.9307000E+01  0.3550537E+00  0.5324858E+00  0.4416777E+00 -0.9921200E+00  0.1253876E+00
  0.9327500E+01  0.3465345E+00  0.5294081E+00  0.4468861E+00 -0.9876919E+00  0.1564890E+00
  0.9348000E+01  0.3380725E+00  0.5262386E+00  0.4520865E+00 -0.9822891E+00  0.1874359E+00
  0.9368500E+01  0.3296737E+00  0.5229800E+00  0.4572836E+00 -0.9759169E+00  0.2181979E+00
  0.9389000E+01  0.3213436E+00  0.5196349E+00  0.4624819E+00 -0.9685816E+00  0.2487445E+00
  0.9409500E+01  0.3130879E+00  0.5162060E+00  0.4676853E+00 -0.9602904E+00  0.2790457E+00
  0.9430000E+01  0.3049118E+00  0.5126961E+00  0.4728977E+00 -0.9510515E+00  0.3090714E+00
  0.9450500E+01  0.2968205E+00  0.5091077E+00  0.4781224E+00 -0.9408740E+00  0.3387922E+00
  0.9471000E+01  0.2888190E+00  0.5054439E+00  0.4833627E+00 -0.9297680E+00  0.3681786E+00
  0.9491500E+01  0.2809120E+00  0.5017074E+00  0.4886213E+00 -0.9177445E+00  0.3972016E+00
  0.9512000E+01  0.2731039E+00  0.4979011E+00  0.4939009E+00 -0.9048152E+00  0.4258327E+00
  0.9532500E+01  0.2653994E+00  0.4940279E+00  0.4992039E+00 -0.8909930E+00  0.4540435E+00
  0.9553000E+01  0.2578023E+00  0.4900907E+00  0.5045321E+00 -0.8762915E+00  0.4818062E+00
  0.9573500E+01  0.2503169E+00  0.4860924E+00  0.5098875E+00 -0.8607252E+00  0.5090934E+00
  0.9594000E+01  0.2429469E+00  0.4820361E+00  0.5152715E+00 -0.8443095E+00  0.5358783E+00
  0.9614500E+01  0.2356959E+00  0.4779246E+00  0.5206854E+00 -0.8270606E+00  0.5621342E+00
  0.9635000E+01  0.2285673E+00  0.4737610E+00  0.5261304E+00 -0.8089954E+00  0.5878355E+00
  0.9655500E+01  0.2215645E+00  0.4695482E+00  0.5316073E+00 -0.7901318E+00  0.6129566E+00
  0.9676000E+01  0.2146905E+00  0.4652892E+00  0.5371166E+00 -0.7704885E+00  0.6374727E+00
  0.9696500E+01  0.2079483E+00  0.4609871E+00  0.5426588E+00 -0.7500848E+00  0.6613598E+00
  0.9717000E+01  0.2013404E+00  0.4566448E+00  0.5482340E+00 -0.7289409E+00  0.6845942E+00
  0.9737500E+01  0.1948695E+00  0.4522652E+00  0.5538422E+00 -0.7070776E+00  0.7071530E+00
  0.9758000E+01  0.1885380E+00  0.4478514E+00  0.5594832E+00 -0.6845165E+00  0.7290139E+00
  0.9778500E+01  0.1823480E+00  0.4434064E+00  0.5651565E+00 -0.6612798E+00  0.7501554E+00
  0.9799000E+01  0.1763016E+00  0.4389330E+00  0.5708615E+00 -0.6373906E+00  0.7705565E+00
  0.9819500E+01  0.1704006E+00  0.4344341E+00  0.5765974E+00 -0.6128723E+00  0.7901972E+00
  0.9840000E+01  0.1646467E+00  0.4299128E+00  0.5823630E+00 -0.5877492E+00  0.8090581E+00
  0.9860500E+01  0.1590414E+00  0.4253718E+00  0.5881572E+00 -0.5620460E+00  0.8271205E+00
  0.9881000E+01  0.1535860E+00  0.4208141E+00  0.5939784E+00 -0.5357882E+00  0.8443667E+00
  0.9901500E+01  0.1482818E+00  0.4162425E+00  0.5998252E+00 -0.5090016E+00  0.8607795E+00
  0.9922000E+01  0.1431297E+00  0.4116598E+00  0.6056955E+00 -0.4817127E+00  0.8763429E+00
  0.9942500E+01  0.1381305E+00  0.4070687E+00  0.6115872E+00 -0.4539485E+00  0.8910415E+00
  0.9963000E+01  0.1332851E+00  0.4024719E+00  0.6174981E+00 -0.4257362E+00  0.9048606E+00
  0.9983500E+01  0.1285939E+00  0.3978723E+00  0.6234254E+00 -0.3971037E+00  0.9177868E+00
  0.1000400E+02  0.1240574E+00  0.3932725E+00  0.6293663E+00 -0.3680794E+00  0.9298073E+00
  0.1002450E+02  0.1196757E+00  0.3886750E+00  0.6353176E+00 -0.3386918E+00  0.9409102E+00
  0.1004500E+02  0.1154490E+00  0.3840825E+00  0.6412755E+00 -0.3089700E+00  0.9510844E+00
  0.1006550E+02  0.1113773E+00  0.3794975E+00  0.6472359E+00 -0.2789433E+00  0.9603201E+00
  0.1008600E+02  0.1074605E+00  0.3749226E+00  0.6531943E+00 -0.2486412E+00  0.9686081E+00
  0.1010650E+02  0.1036982E+00  0.3703601E+00  0.6591451E+00 -0.2180938E+00  0.9759401E+00
  0.1012700E+02  0.1000902E+00  0.3658124E+00  0.6650820E+00 -0.1873312E+00  0.9823091E+00
  0.1014750E+02  0.9663602E-01  0.3612820E+00  0.6709974E+00 -0.1563837E+00  0.9877086E+00
  0.1016800E+02  0.9333516E-01  0.3567711E+00  0.6768819E+00 -0.1252818E+00  0.9921333E+00
  0.1018850E+02  0.9018715E-01  0.3522820E+00  0.6827237E+00 -0.9405636E-01  0.9955790E+00
  0.1020900E+02  0.8719154E-01  0.3478169E+00  0.6885070E+00 -0.6273806E-01  0.9980421E+00
  0.1022950E+02  0.8434798E-01  0.3433780E+00  0.6942103E+00 -0.3135784E-01  0.9995203E+00
  0.1025000E+02  0.8165641E-01  0.3389674E+00  0.6998021E+00  0.5331885E-04  0.1000012E+01
  0.1027050E+02  0.7911724E-01  0.3345872E+00  0.7052328E+00  0.3146443E-01  0.9995169E+00
  0.1029100E+02  0.7673181E-01  0.3302395E+00  0.7104169E+00  0.6284449E-01  0.9980354E+00
  0.1031150E+02  0.7450337E-01  0.3259263E+00  0.7151858E+00  0.9416253E-01  0.9955689E+00
  0.1033200E+02  0.7243961E-01  0.3216499E+00  0.7191329E+00  0.1253876E+00  0.9921200E+00
  0.1035250E+02  0.7056118E-01  0.3174124E+00  0.7209483E+00  0.1564890E+00  0.9876919E+00
  0.1037300E+02  0.6893120E-01  0.3132169E+00  0.7171453E+00  0.1874359E+00  0.9822891E+00
  0.1039350E+02  0.6764939E-01  0.3090677E+00  0.7084942E+00  0.2181979E+00  0.9759169E+00
  0.1041400E+02  0.6676027E-01  0.3049703E+00  0.6985263E+00  0.2487445E+00  0.9685816E+00
  0.1043450E+02  0.6626793E-01  0.3009307E+00  0.6883906E+00  0.2790457E+00  0.9602904E+00
  0.1045500E+02  0.6616446E-01  0.2969545E+00  0.6784466E+00  0.3090714E+00  0.9510515E+00
  0.1047550E+02  0.6643784E-01  0.2930471E+00  0.6688336E+00  0.3387922E+00  0.9408740E+00
  0.1049600E+02  0.6707435E-01  0.2892136E+00  0.6596099E+00  0.3681786E+00  0.9297680E+00
  0.1051650E+02  0.6805957E-01  0.2854588E+00  0.6507980E+00  0.3972016E+00  0.9177445E+00
  0.1053700E+02  0.6937890E-01  0.2817871E+00  0.6424019E+00  0.4258327E+00  0.9048152E+00
  0.1055750E+02  0.7101775E-01  0.2782027E+00  0.6344159E+00  0.4540435E+00  0.8909930E+00
  0.1057800E+02  0.7296169E-01  0.2747094E+00  0.6268287E+00  0.4818062E+00  0.8762915E+00
  0.1059850E+02  0.7519653E-01  0.2713107E+00  0.6196258E+00  0.5090934E+00  0.8607252E+00
  0.1061900E+02  0.7770836E-01  0.2680098E+00  0.6127908E+00  0.5358783E+00  0.8443095E+00
  0.1063950E+02  0.8048359E-01  0.2648096E+00  0.6063062E+00  0.5621342E+00  0.8270606E+00
  0.1066000E+02  0.8350894E-01  0.2617127E+00  0.6001543E+00  0.5878355E+00  0.8089954E+00
  0.1068050E+02  0.8677145E-01  0.2587216E+00  0.5943170E+00  0.6129566E+00  0.7901318E+00
  0.1070100E+02  0.9025848E-01  0.2558383E+00  0.5887764E+00  0.6374727E+00  0.7704885E+00
  0.1072150E+02  0.9395773E-01  0.2530647E+00  0.5835151E+00  0.6613598E+00  0.7500848E+00
  0.1074200E+02  0.9785717E-01  0.2504025E+00  0.5785158E+00  0.6845942E+00  0.7289409E+00
  0.1076250E+02  0.1019451E+00  0.2478531E+00  0.5737619E+00  0.7071530E+00  0.7070776E+00
  0.1078300E+02  0.1062102E+00  0.2454176E+00  0.5692371E+00  0.7290139E+00  0.6845165E+00
  0.1080350E+02  0.1106412E+00  0.2430970E+00  0.5649257E+00  0.7501554E+00  0.6612798E+00
  0.1082400E+02  0.1152273E+00  0.2408921E+00  0.5608126E+00  0.7705565E+00  0.6373906E+00
  0.1084450E+02  0.1199581E+00  0.2388035E+00  0.5568833E+00  0.7901972E+00  0.6128723E+00
  0.1086500E+02  0.1248231E+00  0.2368316E+00  0.5531237E+00  0.8090581E+00  0.5877492E+00
  0.1088550E+02  0.1298123E+00  0.2349765E+00  0.5495204E+00  0.8271205E+00  0.5620460E+00
  0.1090600E+02  0.1349159E+00  0.2332383E+00  0.5460604E+00  0.8443667E+00  0.5357882E+00
  0.1092650E+02  0.1401243E+00  0.2316170E+00  0.5427314E+00  0.8607795E+00  0.5090016E+00
  0.1094700E+02  0.1454282E+00  0.2301121E+00  0.5395216E+00  0.8763429E+00  0.4817127E+00
  0.1096750E+02  0.1508185E+00  0.2287233E+00  0.5364195E+00  0.8910415E+00  0.4539485E+00
  0.1098800E+02  0.1562863E+00  0.2274500E+00  0.5334143E+00  0.9048606E+00  0.4257362E+00
  0.1100850E+02  0.1618229E+00  0.2262915E+00  0.5304957E+00  0.9177868E+00  0.3971037E+00
  0.1102900E+02  0.1674198E+00  0.2252469E+00  0.5276539E+00  0.9298073E+00  0.3680794E+00
  0.1104950E+02  0.1730687E+00  0.2243153E+00  0.5248794E+00  0.9409102E+00  0.3386918E+00
  0.1107000E+02  0.1787616E+00  0.2234955E+00  0.5221632E+00  0.9510844E+00  0.3089700E+00
  0.1109050E+02  0.1844905E+00  0.2227863E+00  0.5194968E+00  0.9603201E+00  0.2789433E+00
  0.1111100E+02  0.1902479E+00  0.2221865E+00  0.5168722E+00  0.9686081E+00  0.2486412E+00
  0.1113150E+02  0.1960261E+00  0.2216945E+00  0.5142815E+00  0.9759401E+00  0.2180938E+00
  0.1115200E+02  0.2018178E+00  0.2213088E+00  0.5117175E+00  0.9823091E+00  0.1873312E+00
  0.1117250E+02  0.2076159E+00  0.2210279E+00  0.5091733E+00  0.9877086E+00  0.1563837E+00
  0.1119300E+02  0.2134134E+00  0.2208499E+00  0.5066424E+00  0.9921333E+00  0.1252818E+00
  0.1121350E+02  0.2192035E+00  0.2207731E+00  0.5041184E+00  0.9955790E+00  0.9405636E-01
  0.1123400E+02  0.2249796E+00  0.2207955E+00  0.5015957E+00  0.9980421E+00  0.6273806E-01
  0.1125450E+02  0.2307351E+00  0.2209153E+00  0.4990687E+00  0.9995203E+00  0.3135784E-01
  0.1127500E+02  0.2364640E+00  0.2211303E+00  0.4965321E+00  0.1000012E+01 -0.5331911E-04
  0.1129550E+02  0.2421599E+00  0.2214384E+00  0.4939813E+00  0.9995169E+00 -0.3146443E-01
  0.1131600E+02  0.2478169E+00  0.2218374E+00  0.4914116E+00  0.9980354E+00 -0.6284449E-01
  0.1133650E+02  0.2534293E+00  0.2223251E+00  0.4888188E+00  0.9955689E+00 -0.9416253E-01
  0.1135700E+02  0.2589915E+00  0.2228993E+00  0.4861989E+00  0.9921200E+00 -0.1253876E+00
  0.1137750E+02  0.2644979E+00  0.2235574E+00  0.4835482E+00  0.9876919E+00 -0.1564890E+00
  0.1139800E+02  0.2699432E+00  0.2242972E+00  0.4808635E+00  0.9822891E+00 -0.1874359E+00
  0.1141850E+02  0.2753224E+00  0.2251161E+00  0.4781415E+00  0.9759169E+00 -0.2181979E+00
  0.1143900E+02  0.2806304E+00  0.2260116E+00  0.4753793E+00  0.9685816E+00 -0.2487445E+00
  0.1145950E+02  0.2858625E+00  0.2269813E+00  0.4725744E+00  0.9602904E+00 -0.2790457E+00
  0.1148000E+02  0.2910139E+00  0.2280225E+00  0.4697244E+00  0.9510515E+00 -0.3090714E+00
  0.1150050E+02  0.2960802E+00  0.2291326E+00  0.4668272E+00  0.9408740E+00 -0.3387922E+00
  0.1152100E+02  0.3010571E+00  0.2303089E+00  0.4638807E+00  0.9297680E+00 -0.3681786E+00
  0.1154150E+02  0.3059403E+00  0.2315488E+00  0.4608834E+00  0.9177445E+00 -0.3972016E+00
  0.1156200E+02  0.3107259E+00  0.2328496E+00  0.4578338E+00  0.9048152E+00 -0.4258327E+00
  0.1158250E+02  0.3154101E+00  0.2342086E+00  0.4547306E+00  0.8909930E+00 -0.4540435E+00
  0.1160300E+02  0.3199891E+00  0.2356231E+00  0.4515728E+00  0.8762915E+00 -0.4818062E+00
  0.1162350E+02  0.3244595E+00  0.2370902E+00  0.4483594E+00  0.8607252E+00 -0.5090934E+00
  0.1164400E+02  0.3288178E+00  0.2386072E+00  0.4450899E+00  0.8443095E+00 -0.5358783E+00
  0.1166450E+02  0.3330609E+00  0.2401714E+00  0.4417637E+00  0.8270606E+00 -0.5621342E+00
  0.1168500E+02  0.3371857E+00  0.2417800E+00  0.4383806E+00  0.8089954E+00 -0.5878355E+00
  0.1170550E+02  0.3411895E+00  0.2434301E+00  0.4349405E+00  0.7901318E+00 -0.6129566E+00
  0.1172600E+02  0.3450694E+00  0.2451191E+00  0.4314433E+00  0.7704885E+00 -0.6374727E+00
  0.1174650E+02  0.3488229E+00  0.2468441E+00  0.4278892E+00  0.7500848E+00 -0.6613598E+00
  0.1176700E+02  0.3524478E+00  0.2486024E+00  0.4242788E+00  0.7289409E+00 -0.6845942E+00
  0.1178750E+02  0.3559416E+00  0.2503912E+00  0.4206124E+00  0.7070776E+00 -0.7071530E+00
  0.1180800E+02  0.3593025E+00  0.2522078E+00  0.4168908E+00  0.6845165E+00 -0.7290139E+00
  0.1182850E+02  0.3625284E+00  0.2540494E+00  0.4131147E+00  0.6612798E+00 -0.7501554E+00
  0.1184900E+02  0.3656178E+00  0.2559132E+00  0.4092852E+00  0.6373906E+00 -0.7705565E+00
  0.1186950E+02  0.3685689E+00  0.2577967E+00  0.4054033E+00  0.6128723E+00 -0.7901972E+00
  0.1189000E+02  0.3713805E+00  0.2596970E+00  0.4014702E+00  0.5877492E+00 -0.8090581E+00
  0.1191050E+02  0.3740513E+00  0.2616116E+00  0.3974873E+00  0.5620460E+00 -0.8271205E+00
  0.1193100E+02  0.3765802E+00  0.2635378E+00  0.3934560E+00  0.5357882E+00 -0.8443667E+00
  0.1195150E+02  0.3789663E+00  0.2654730E+00  0.3893780E+00  0.5090016E+00 -0.8607795E+00
  0.1197200E+02  0.3812088E+00  0.2674147E+00  0.3852549E+00  0.4817127E+00 -0.8763429E+00
  0.1199250E+02  0.3833072E+00  0.2693602E+00  0.3810885E+00  0.4539485E+00 -0.8910415E+00
  0.1201300E+02  0.3852610E+00  0.2713070E+00  0.3768807E+00  0.4257362E+00 -0.9048606E+00
  0.1203350E+02  0.3870700E+00  0.2732528E+00  0.3726335E+00  0.3971037E+00 -0.9177868E+00
  0.1205400E+02  0.3887341E+00  0.2751950E+00  0.3683491E+00  0.3680794E+00 -0.9298073E+00
  0.1207450E+02  0.3902533E+00  0.2771312E+00  0.3640295E+00  0.3386918E+00 -0.9409102E+00
  0.1209500E+02  0.3916277E+00  0.2790592E+00  0.3596770E+00  0.3089700E+00 -0.9510844E+00
  0.1211550E+02  0.3928578E+00  0.2809766E+00  0.3552940E+00  0.2789433E+00 -0.9603201E+00
  0.1213600E+02  0.3939440E+00  0.2828811E+00  0.3508830E+00  0.2486412E+00 -0.9686081E+00
  0.1215650E+02  0.3948871E+00  0.2847705E+00  0.3464463E+00  0.2180938E+00 -0.9759401E+00
  0.1217700E+02  0.3956878E+00  0.2866427E+00  0.3419865E+00  0.1873312E+00 -0.9823091E+00
  0.1219750E+02  0.3963471E+00  0.2884955E+00  0.3375063E+00  0.1563837E+00 -0.9877086E+00
  0.1221800E+02  0.3968660E+00  0.2903270E+00  0.3330083E+00  0.1252818E+00 -0.9921333E+00
  0.1223850E+02  0.3972459E+00  0.2921350E+00  0.3284953E+00  0.9405636E-01 -0.9955790E+00
  0.1225900E+02  0.3974882E+00  0.2939177E+00  0.3239701E+00  0.6273806E-01 -0.9980421E+00
  0.1227950E+02  0.3975943E+00  0.2956731E+00  0.3194353E+00  0.3135784E-01 -0.9995203E+00
  0.1230000E+02  0.3975659E+00  0.2973994E+00  0.3148941E+00 -0.5331937E-04 -0.1000012E+01
